COM EX AFXTP M,ADHESIVO DE CONTACTO COMBO AFIX TOPETINAS  - . (SUPRABOND),69962.26,SUPRABOND
SBD TR 25 T,ADHESIVO DE CONTACTO TRANSPARENTE TIRA 25 ML  - 25 ML (SUPRABOND),437.02,SUPRABOND
SBD TR 25 B,ADHESIVO DE CONTACTO TRANSPARENTE BLISTER 25 ML  - 25 ML (SUPRABOND),454.43,SUPRABOND
SBD TR 50 B,ADHESIVO DE CONTACTO TRANSPARENTE BLISTER 50 ML  - 50 ML (SUPRABOND),676.15,SUPRABOND
SBD TR 50 B I,ADHESIVO DE CONTACTO TRANSPARENTE BLISTER 50 ML - C/ INSTANTANEO DE REGALO  - 50 ML (SUPRABOND),676.15,SUPRABOND
SBD TR 25 E,ADHESIVO DE CONTACTO TRANSPARENTE ESTUCHE 25 ML  - 25 ML (SUPRABOND),454.43,SUPRABOND
SBD TR 100 E,ADHESIVO DE CONTACTO TRANSPARENTE ESTUCHE 100 ML  - 100 ML (SUPRABOND),1113.67,SUPRABOND
SBD TR 50 E,ADHESIVO DE CONTACTO TRANSPARENTE ESTUCHE 50 ML  - 50 ML (SUPRABOND),688.7,SUPRABOND
SBD 50 ST E,ADHESIVO DE CONTACTO SIN TOLUENO 50 ML ESTUCHE  - 50 ML (SUPRABOND),642.94,SUPRABOND
SBD TR 1,ADHESIVO DE CONTACTO TRANSP. LATA  1 LT  - 1 LT (SUPRABOND),3829.13,SUPRABOND
SBD TR 1/2,ADHESIVO DE CONTACTO TRANSPARENTE LATA 500 ML  - 1/2 LTS. (SUPRABOND),2284.64,SUPRABOND
SBD TR 1/4,ADHESIVO DE CONTACTO TRANSPARENTE LATA 250 ML  - 1/4 LT. (SUPRABOND),1434.33,SUPRABOND
SBD 25 ST,ADHESIVO DE CONTACTO FORMULA SIN TOLUENO  - 25 CC (SUPRABOND),408.66,SUPRABOND
SBD 25 BST,ADHESIVO DE CONTACTO FORMULA SIN TOLUENO  - 25 CC (SUPRABOND),425.23,SUPRABOND
SBD 50 ST,ADHESIVO DE CONTACTO FORMULA SIN TOLUENO  - 50 CC (SUPRABOND),636.63,SUPRABOND
SBD 125 ST,ADHESIVO DE CONTACTO FORMULA SIN TOLUENO  - 125 CC (SUPRABOND),1040.05,SUPRABOND
SBD 1/4 ST,ADHESIVO DE CONTACTO FORMULA SIN TOLUENO  - 1/4 LT. (SUPRABOND),1299.59,SUPRABOND
SBD 1/2 ST,ADHESIVO DE CONTACTO FORMULA SIN TOLUENO  - 1/2 LT. (SUPRABOND),2092.13,SUPRABOND
SBD 1 ST,ADHESIVO DE CONTACTO FORMULA SIN TOLUENO  - 1 LT. (SUPRABOND),3774.85,SUPRABOND
SBD 4 ST,ADHESIVO DE CONTACTO FORMULA SIN TOLUENO  - 4 LT. (SUPRABOND),11507.85,SUPRABOND
SPX SA 16 T E,ADHESIVO EPOXI SUPERPOX SUPERADHESIVO TRANSPARENTE ESTUCHE X 16 G  - TRANSPARENTE 16 G (SUPRABOND),713.91,SUPRABOND
SPX SA 25 A E,ADHESIVO EPOXI SUPERPOX SUPERADHESIVO ACERO ESTUCHE X 25G  - 25 GR (SUPRABOND),713.91,SUPRABOND
COM SPX SA 16C,ADHESIVO EPOXI  COMBO SUPERPOX SUPERADHESIVO TRANSPARENTE   (12 UNIDADES)  - CAJA EXHIBIDORA 12 UNIDADES (SUPRABOND),6883.99,SUPRABOND
EX A,ADHESIVO EPOXI ERPOX ACERO  - JUEGO POTES - 200 G. (SUPRABOND),1659.68,SUPRABOND
EX A 105,ADHESIVO EPOXI ERPOX ACERO - JUEGO POTES 105 G  - JUEGO POTES 105G (SUPRABOND),1214.7,SUPRABOND
EXB,ADHESIVO EPOXI ERPOX BLANCO  - JUEGO POTES - 150 G. (SUPRABOND),1558.61,SUPRABOND
EXB 80,ADHESIVO EPOXI ERPOX BLANCO - JUEGO POTES 80 G.  - JUEGO POTES 80 G (SUPRABOND),1138.09,SUPRABOND
SPX 20 AT,ADHESIVO EPOXI EPOXI METALICO  - 20 G. (SUPRABOND),596.04,SUPRABOND
SBD GL 3 20,SUPRABOND ADHESIVO GLITTER 3 U. X 20 G  - 20 G (SUPRABOND),625.86,SUPRABOND
SBD GL 5 23 D,SUPRABOND ADHESIVO GLITTER DUO 5 U. X 23 G  - 23 G (SUPRABOND),1216.47,SUPRABOND
SBD GL 6 10,SUPRABOND ADHESIVO GLITTER 6 U. X 10 G  - 10 G (SUPRABOND),611.4,SUPRABOND
EAB 8 T,ADHESIVO EN BARRA TRIANGULAR 8 G  - 8 GR (SUPRABOND),143.18,SUPRABOND
SBD U 60 CE,ADHESIVO UNO 60 ML EN CAJA EXHIBIDORA  - 60 ML (SUPRABOND),480.22,SUPRABOND
SBD U 60,ADHESIVO UNO 60 ML  - 60 ML (SUPRABOND),480.22,SUPRABOND
EAB 25 T,ADHESIVO EN BARRA TRIANGULAR 25 G  - 25 G (SUPRABOND),337.82,SUPRABOND
EAB 8 R,ADHESIVO EN BARRA 8 G  - 8 G (SUPRABOND),139.76,SUPRABOND
EAB 40 R,ADHESIVO EN BARRA 40 G  - 40 G (SUPRABOND),361.84,SUPRABOND
ECT 50,ADHESIVO ULTRA TRANSPARENTE  - 50 GR (SUPRABOND),224.97,SUPRABOND
ESL 225,SILICONA LIQUIDA DE 225 ML  - 225 G (SUPRABOND),869.48,SUPRABOND
ESL 100,SILICONA LIQUIDA DE 100 ML  - 100 G (SUPRABOND),602.58,SUPRABOND
ESL 30,SILICONA LIQUIDA DE 30 ML  - 30 G (SUPRABOND),268.7,SUPRABOND
MTJ 150,ADHESIVO PARA MONTAJES POMO 150 GR  - 150 G. (SUPRABOND),884.22,SUPRABOND
MTJ 400,ADHESIVO PARA MONTAJES CARTUCHOS 400 GR  - 400 G. (SUPRABOND),1949.54,SUPRABOND
RTR ESP,"ADHESIVO ESPEJO RETROVISOR 0,4 ML  - 0,4 ML (SUPRABOND)",1166.98,SUPRABOND
DBL 30 B T,SUPRABOND DOBLADILLOS NUEVA FORMULA  - 30 ML (SUPRABOND),588.59,SUPRABOND
PTT 30,PEGATODO TRANSPARENTE  - 30 CC (SUPRABOND),311.76,SUPRABOND
KIT PRB,KIT REPARACION PARABRISAS  - KIT COMPLETO (SUPRABOND),1645.61,SUPRABOND
PVN 25 B,PEGOVIN - ADHESIVO PARA PLASTICOS  - 25 CC (SUPRABOND),878.24,SUPRABOND
ZAP 10 B,ADHESIVO ZAPATILLAS SUPRABOND 10 G BLISTER  - 10 G (SUPRABOND),550.14,SUPRABOND
ARN FL 2 B,ADHESIVO FLASH 2 G BLISTER  - 2 G. (SUPRABOND),201.63,SUPRABOND
ARN FL 1X3 B,ADHESIVO FLASH 1 G X 3 UNIDADES BLISTER  - 3 X 1 G (SUPRABOND),240.62,SUPRABOND
ARN FL 1X3 T,ADHESIVO FLASH 1 G X 3 UNIDADES TIRA  - 1 G X 3 UNIDADES TIRA (SUPRABOND),227.69,SUPRABOND
ARN FL 2 T,ADHESIVO FLASH 2 G TIRA  - 2 G (SUPRABOND),188.58,SUPRABOND
ARN FL 3G B,ADHESIVO FLASH GEL 3 G BLISTER  - 3 G. (SUPRABOND),278.55,SUPRABOND
ARN FL 3G T,ADHESIVO FLASH GEL 3 G TIRA  - 3 G. (SUPRABOND),260.48,SUPRABOND
AFX W 16,AUTOADHESIVO DOBLE FAZ EN PLACA  - 16 CUADRADITOS (SUPRABOND),536.96,SUPRABOND
AFX W R2,AUTOADHESIVO DOBLE FAZ EN ROLLO  - 1.2 CM X 2 M (SUPRABOND),933.4,SUPRABOND
AFX VA 2,ABROJO SUJETADOR AUTOADHESIVO 20 MM X 2 M  - 1  UNIDAD X 2 M (SUPRABOND),2118.8,SUPRABOND
AFX VB 2,ABROJO SUJETADOR BIFAZ 15 MM X 2 M  - 1  UNIDAD X 2 M (SUPRABOND),1328.52,SUPRABOND
AFX RUE 4 AI,RUEDAS AUTOADHESIVAS AFIX ACERO INOX. X 4 U.  - 4 UNIDADES (SUPRABOND),1331.86,SUPRABOND
AFX P35 BO,PERCHAS AUTOADHESIVAS OVAL X 5 U. 35MM BLANCO  - 5 UNIDADES (SUPRABOND),729.68,SUPRABOND
COM EX SBD PIE,CARTA COMBO SUPRABOND PIE CARTON  - . (SUPRABOND),249185.72,SUPRABOND
MKT CARTA SBD P,CARTA COMBO SUPRABOND PIE CARTON  - . (SUPRABOND),0.01,SUPRABOND
MKT VIN ARG,CARTA COMBO SUPRABOND PIE CARTON  - . (SUPRABOND),0.01,SUPRABOND
AFX P54 BO,PERCHAS AUTOADHESIVAS OVAL X 3 U. 54MM BLANCO  - 3 UNIDADES (SUPRABOND),701.61,SUPRABOND
AFX P66 BO,PERCHA AUTOADHESIVA OVAL X 1 U. 66MM BLANCO  - 1 UNIDAD (SUPRABOND),813.44,SUPRABOND
AFX P35 TO,PERCHAS AUTOADHESIVAS OVAL X 5 U. 35MM TRANSPARENTE  - 5 UNIDADES (SUPRABOND),729.68,SUPRABOND
AFX P54 TO,PERCHAS AUTOADHESIVAS OVAL X 3 U. 54MM TRANSPARENTE  - 3 UNIDADES (SUPRABOND),701.61,SUPRABOND
AFX P18 AR,PERCHAS RECTANGULARES X 5 U. 18MM A. INOXIDABLE  - 5 UNIDADES (SUPRABOND),828.46,SUPRABOND
AFX P35 AR,PERCHAS CIRCULARES X 2 U. 35MM A. INOXIDABLE  - 2 UNIDADES (SUPRABOND),856.19,SUPRABOND
AFX P49 AR,PERCHAS RECTANGULARES X 2 U. 49MM A. INOXIDABLE  - 2 UNIDADES (SUPRABOND),1130.49,SUPRABOND
AFX P4G A,PERCHERO AUTOADHESIVO 4 GANCHOS A. INOXIDABLE  - 1 UNIDAD (SUPRABOND),1418.99,SUPRABOND
AFX SR A,PERCHERO SUJETA REPASADOR A. INOXIDABLE  - 1 UNIDAD (SUPRABOND),1003.17,SUPRABOND
AFX PGM 1,GANCHO  METALICO AUTOADHESIVO MULTIUSO BLANCO  - 1 UNIDAD (SUPRABOND),813.44,SUPRABOND
AFX S E,GANCHO AUTOADHESIVO SUJETA ESCOBAS ARO BLANCO  - 1 UNIDAD (SUPRABOND),813.44,SUPRABOND
C HM F30 UN 41,"BARRAS ADH.UNIV 0,74X30CMX41 UNIDADES  - 41 UNIDADES (SUPRABOND)",3005.75,SUPRABOND
C HM F30 UT 14,"BARRAS ADH.U.TRANSP 0,74X30CMX14 BARRAS  - 14 UNIDADES (SUPRABOND)",1071.79,SUPRABOND
C HM G30 UT 17,"BARRAS ADHESIVAS ULTRA TRANSPARENTE 17 UNIDADES 1,12 X 30 CM  - 17 UNIDADES (SUPRABOND)",3005.75,SUPRABOND
C HM HX GL 12,BARRAS ADHESIVAS GLITTER X 12 UNIDADES  - 12 UNIDADES (SUPRABOND),533.37,SUPRABOND
C HM F10 UN 25,"BARRAS ADH.UNIV. 0,74X10CMX25 BARRAS  - 25 UNIDADES (SUPRABOND)",680.44,SUPRABOND
C HM G30 UN 17,"BARRAS ADH.UNIV. 1,12X30CMX 17 BARRAS  - 17 UNIDADES (SUPRABOND)",3005.75,SUPRABOND
C HM F10 UT 25,"BARRAS ADH.U.TRANSP 0,74X10CMX25 UNIDADES  - 25 UNIDADES (SUPRABOND)",680.44,SUPRABOND
C HM F30 UT 41,"BARRAS ADH.U.TRANSP. 0,74X30CMX41 UNIDADES  - 41 UN. (SUPRABOND)",3005.75,SUPRABOND
C HM G10 UT 10,"BARRAS ADH.U.TRANSP. 1,12 X10CMX 10 BARRAS  - 10 UNIDADES (SUPRABOND)",680.44,SUPRABOND
C HM HX 8K,BARRAS ADH. 7X10CMX8K  - 8 KG (SUPRABOND),15918.58,SUPRABOND
SLT V I,BURLETE AUTOADHESIVO VINILO BLANCO  - 5MM X 5MM X 10MM (Suprabond),778.27,SUPRABOND
SLT V M I,BURLETE AUTOADHESIVO VINILO MARRON  - 5MM X 5MM X 10MM (Suprabond),778.27,SUPRABOND
SLT N,AUTOADHESIVO - GOMA ESPUMA - NORMAL  - 5M X 10MM X 5MM (SUPRABOND),390.39,SUPRABOND
SLT D,AUTOADHESIVO - GOMA ESPUMA - DOBLE ESPESOR  - 5M X 10MM X 10MM (SUPRABOND),493.26,SUPRABOND
SLT D M,AUTOADHESIVO- GOMA ESPUMA DOBLE ESPESOR - MARRON  - 5 M X 10 MM X 10 MM (SUPRABOND),493.26,SUPRABOND
SLT EA,AUTOADHESIVO - GOMA ESPUMA - EXTRA ANCHO  - 5M X 20MM X 10MM (SUPRABOND),703.47,SUPRABOND
SLT EA M,AUTOADHESIVO - GOMA ESPUMA EXTRAANCHO - MARRON  - 5M X 20 MM 10 MM (SUPRABOND),703.47,SUPRABOND
SLT V,AUTOADHESIVO - DE VINILO BLANCO  - 5M X 5MM X 10MM (SUPRABOND),635.5,SUPRABOND
SLT V M,AUTOADHESIVO - DE VINILO MARRON  - 5M X 5 MM 10 MM (SUPRABOND),635.5,SUPRABOND
SLT D 5 B I,"BURL.DE GOMA AUTOADH.BCO.PERFIL D 5,2M  - 5.2M X 9MM X 6MM (SUPRABOND)",927.65,SUPRABOND
SLT D 5 M I,"BURL. GOMA AUTOADH.MARRON.PERF.D 5,2M  - 5.2M X 9MM X 6MM (SUPRABOND)",927.65,SUPRABOND
SLT P 5 B I,BURL.DE GOMA AUTOADH.BCO.PERFIL P  - 5.2 X 9.5 MM X 5.5 MM (SUPRABOND),927.73,SUPRABOND
SLT E 5 B I,BURL.DE GOMA AUTOADH.BCO.PERFIL  - 5.2 X 9 MMX 4 MM (SUPRABOND),885.4,SUPRABOND
SLT E 5 M I,"BURL.GOMA AUTOADH.MARRON.PERF.E 5,2M  - 5.2 X 9 MMX 4 MM (SUPRABOND)",885.4,SUPRABOND
SLT P 5 M I,"BURL. GOMA AUTOADH.MARRON.PERF.P 5,2M  - 5.2M X 9MM X 6MM (SUPRABOND)",927.73,SUPRABOND
COM MPX EXA C12,COMBO MASILLAS ERPOX 10 MIN X 12 UNIDADES  - CAJA EXHIBIDORA (SUPRABOND),7004.95,SUPRABOND
MPX EXA 10 100,MASILLA ERPOX 10 MIN 100 G  - 100 G (SUPRABOND),648.61,SUPRABOND
MBN M1000 1.4B,MEMBRANA IMPERMEABILIZANTE TECHOS Y AZOTEAS M-1000 BLANCA  - 1.4 KG (SUPRABOND),1572.01,SUPRABOND
MBN M1000 1.4R,MEMBRANA IMPERMEABILIZANTE TECHOS Y AZOTEAS M-1000 ROJA  - 1.4 KG (SUPRABOND),1572.01,SUPRABOND
MBN M1000 5.6B,MEMBRANA IMPERMEABILIZANTE TECHOS Y AZOTEAS M-1000 BLANCA  - 5.6 KG (SUPRABOND),5562.87,SUPRABOND
MBN M1000 5.6R,MEMBRANA IMPERMEABILIZANTE TECHOS Y AZOTEAS M-1000 ROJA  - 5.6 KG (SUPRABOND),5562.87,SUPRABOND
MBN M1000 14B,MEMBRANA IMPERMEABILIZANTE TECHOS Y AZOTEAS M-1000 BLANCO  - 14 KG (SUPRABOND),12455.36,SUPRABOND
MBN M1000 14R,MEMBRANA IMPERMEABILIZANTE TECHOS Y AZOTEAS M-1000 ROJO  - 14 KG (SUPRABOND),12455.36,SUPRABOND
MBN M1000 28B,MEMBRANA IMPERMEABILIZANTE TECHOS Y AZOTEAS M-1000 BLANCA  - 28 KG (SUPRABOND),23481.15,SUPRABOND
MBN M1000 28R,MEMBRANA IMPERMEABILIZANTE TECHOS Y AZOTEAS M-1000 ROJA  - 28 KG (SUPRABOND),23481.22,SUPRABOND
MBN VEN 1/2 B,VENDA LIQUIDA IMPERMEABILIZANTE - BLANCA  - 500 G (SUPRABOND),1812.63,SUPRABOND
MBN VEN 1 B,VENDA LIQUIDA IMPERMEABILIZANTE - BLANCA  - 1 KG (SUPRABOND),2731.23,SUPRABOND
MBN VEN 4 B,VENDA LIQUIDA IMPERMEABILIZANTE - BLANCA  - 4 KG (SUPRABOND),8251.96,SUPRABOND
MBN MAN 20 B,MANTA LIQUIDA IMPERMEABILIZANTE TECHOS Y AZOTEAS BLANCA  - 20 KG (SUPRABOND),34480.22,SUPRABOND
PAH 1 B,PINTURA ESPECIAL ANTIHONGOS 1 LITRO  - 1 LITRO (SUPRABOND),2332.33,SUPRABOND
PAH 4 B,PINTURA ESPECIAL ANTIHONGOS 4 LITROS  - 4 LITROS (SUPRABOND),8221.58,SUPRABOND
NSS 10,90 SEGUNDOS - SOLDADURA INSTANTANEA  - 10 G. (SUPRABOND),601.6,SUPRABOND
PST GR,PISTOLA APLICADORA BURLETE ECONOMY GRIS  - . (SUPRABOND),1641.07,SUPRABOND
PST PL,PISTOLA APLICADORA BURLETE PROFESIONAL CROMADA  - . (SUPRABOND),3203.71,SUPRABOND
PST PL 700,PISTOLA PORTACARTUCHOS SERIE 700  - . (SUPRABOND),3612.62,SUPRABOND
PST PL 800,PISTOLA PORTACARTUCHOS SERIE 800  - . (SUPRABOND),4013.72,SUPRABOND
C PHX 100,PISTOLA ENCOLADORA MODELO HX 100 - POTENCIA 10 WATTS  - . (SUPRABOND),2506.16,SUPRABOND
C PHX 100 F,PISTOLA HOT MELT HX 100 FLORES  - . (SUPRABOND),2506.16,SUPRABOND
C PHX 100 L,PISTOLA HOT MELT HX 100  LUNARES  - . (SUPRABOND),2506.16,SUPRABOND
C PHX 200 R,PISTOLA HOT MELT MODELO HX 200 ROSA  - . (SUPRABOND),3142.83,SUPRABOND
C PX 300,PISTOLA ENCOLADORA MODELO PX 300 - POTENCIA 40 WATTS  - . (SUPRABOND),3719.44,SUPRABOND
C PX 2100,PISTOLA ENCOLADORA MOD. PX 2100 PROFESIONAL  - . (SUPRABOND),9219.11,SUPRABOND
COM MTJ 150,COMBO SELLADORES DE SILICONA  - 280 GRS (SUPRABOND),3554.65,SUPRABOND
GFX 25,SELLADOR GLUFIX - 100% SILICONA - TRANSPARENTE  - 25 ML (SUPRABOND),361.91,SUPRABOND
GFX 50,SELLADOR GLUFIX - 100% SILICONA - TRANSPARENTE  - 50 ML (SUPRABOND),521.72,SUPRABOND
GFX B 280 T,SELLADOR SILICONA 100% - BANOS Y COCINAS -TRANSPARENTE  - 280 ML (SUPRABOND),1794.93,SUPRABOND
GFX B 280 B,SELLADOR SILICONA 100% - BANOS Y COCINAS -BLANCO  - 280 ML (SUPRABOND),1794.93,SUPRABOND
GFX C 280 T,SELLADOR SILICONA 100% CONSTRUCCION NEUTRA - TRANSPARENTE  - 280 ML (SUPRABOND),1857.04,SUPRABOND
GFX U 280 T,SELLADOR SILICONA UNIVERSAL - TRANSPARENTE  - 280 ML (SUPRABOND),1380.62,SUPRABOND
GFX U 280 B,SELLADOR SILICONA UNIVERSAL - BLANCA  - 280 ML (SUPRABOND),1422.05,SUPRABOND
GFX U 280 N,SELLADOR SILICONA UNIVERSAL - NEGRA  - 280 ML (SUPRABOND),1422.05,SUPRABOND
GFX C 110 T,SELLADOR SILICONA NEUTRA CONSTRUCCION 110ML POMO TRANSPARENTE  - 110 ML (SUPRABOND),1160.24,SUPRABOND
GFX U 60 B,SELLADOR SILICONA UNIVERSAL 60ML POMO BLANCO  - 60 ML (SUPRABOND),608.49,SUPRABOND
GFX U 60 N,SELLADOR SILICONA UNIVERSAL 60ML POMO NEGRO  - 60 ML (SUPRABOND),608.49,SUPRABOND
GFX U 60 T,SELLADOR SILICONA UNIVERSAL 60ML POMO TRANSPARENTE  - 60 ML (SUPRABOND),608.49,SUPRABOND
GFX U 110 B,SELLADOR SILICONA UNIVERSAL 110ML POMO BLANCO  - 110 ML (SUPRABOND),852.42,SUPRABOND
GFX U 110 N,SELLADOR SILICONA UNIVERSAL 110ML POMO NEGRA  - 110 ML (SUPRABOND),852.42,SUPRABOND
GFX U 110 T,SELLADOR SILICONA UNIVERSAL 110ML POMO TRANSPARENTE  - 110 ML (SUPRABOND),852.42,SUPRABOND
EPP PU 750 E,ESPUMA DE POLIUR. 750 ML ECONOMY  - 750 ML (SUPRABOND),1953.42,SUPRABOND
EPP PU 300 E,ESPUMA DE POLIUR. 300ML ECONOMY  - 300ML (Suprabond),1436.25,SUPRABOND
SMZ 50 A,SELLADOR DE METALES ZINGUERIA Y CANALETAS 50ML  - 50ML (SUPRABOND),644.36,SUPRABOND
EPP PU 500 E,ESPUMA DE POLIURETANO ECONOMY  - 500 ML (SUPRABOND),1954.1,SUPRABOND
EPP PU 500 P,ESPUMA DE POLIURETANO PREMIUM  - 500 ML (SUPRABOND),2230.43,SUPRABOND
EPP PU 750 P,ESPUMA DE POLIURETANO PREMUIM  - 750 ML (SUPRABOND),2524.45,SUPRABOND
GMX M 280 N,SELLADOR MADERAS Y MUEBLES  280ML NOGAL  - 280 ML (SUPRABOND),1031.18,SUPRABOND
GMX M 280 P,SELLADOR MADERAS Y MUEBLES  280 ML PINO  - 280 ML (SUPRABOND),1031.18,SUPRABOND
GMX ACR 1 B,SELLADOR ACRILICO PINTABLE POTE 1 KG - BLANCO  - 1 KG (SUPRABOND),2158.92,SUPRABOND
GMX ACR 110 B,ACRILICO PINTABLE BLANCO  - 110 ML (SUPRABOND),596.43,SUPRABOND
GMX ACR 280 B,SELLADOR ACRILICO PINTABLE - BLANCO  - 280 ML (SUPRABOND),863.98,SUPRABOND
GMX CTO 280 G,SELLADOR ACRILICO REPARADOR DE CONCRETO Y CEMENTO  - 280 ML (SUPRABOND),952.92,SUPRABOND
GMX J 280 T,"SELLADOR ACRILICO PREMIUM "" JUNTAS Y FISURAS"" TRANSPARENTE  - 280 ML (SUPRABOND)",1064.9,SUPRABOND
GBU 310 N,SELLADOR BUTILICO NEGRO  - 310 ML (SUPRABOND),454.53,SUPRABOND
PBD 25 T,PERBOND - SELLADOR MULTIUSO - BLANCO  - 25 ML (SUPRABOND),380.73,SUPRABOND
PBD 50,PERBOND - SELLADOR MULTIUSO - BLANCO  - 50 ML (SUPRABOND),627.12,SUPRABOND
PBD 50 TR6, PERBOND 50 CC - POMO EN BLISTER + SBD TR 6 ML GRATIS  - 50 ML + 6 ML (SUPRABOND),627.12,SUPRABOND
PBD 125,PERBOND - SELLADOR MULTIUSO - BLANCO  - 125 ML (SUPRABOND),885.37,SUPRABOND
PBD 400,PERBOND - SELLADOR MULTIUSO - GRIS  - 400 G. (SUPRABOND),1726.26,SUPRABOND
PBD 400 B,PERBOND - SELLADOR MULTIUSO - BLANCO  - 400 G. (SUPRABOND),1726.26,SUPRABOND
PBD P 25 T,SELLADOR PERBOND PREMIUM TRANSPARENTE 25 CC.  - 25 ML (SUPRABOND),399.89,SUPRABOND
PBD P 50,SELLADOR PERBOND PREMIUM TRANSPARENTE BLISTER  - 50 ML (SUPRABOND),658.65,SUPRABOND
PBD P 125,SELLADOR PERBOND PREMIUM TRANSPARENTE CAJA  - 125 ML (SUPRABOND),929.46,SUPRABOND
PBD P 310,SELLADOR PERBOND PREMIUM TRANSPARENTE CARTUCHO  - 310 ML (SUPRABOND),1812.45,SUPRABOND
GPU C 310 G,SELLADOR DE POLIURETANO - CONSTRUCCION II - GRIS  - 310 ML (SUPRABOND),2824.79,SUPRABOND
SMZ 300 A,SELLADOR METALES ZINGUERIA - ALUMINIO  - 300 ML (SUPRABOND),1868.27,SUPRABOND
PSC 310 A,SELLADOR PISCINAS 310ML AZUL  - 310 ML (SUPRABOND),1628.64,SUPRABOND
GFX J 90 R,SILICONA 100% - JUNTAS Y MOTORES - ROJO  - 90 ML (SUPRABOND),892.94,SUPRABOND
GFX J 280 R,SILICONA 100% - JUNTAS Y MOTORES - ROJO  - 280 ML (SUPRABOND),1950.98,SUPRABOND
GFX J 60 R,SILICONA JUNTAS Y MOTORES 60 ML POMO ROJO  - 60 ML (SUPRABOND),765.32,SUPRABOND
GFX J 110 R,SILICONA JUNTAS Y MOTORES 110ML POMO ROJO  - 110 ML (SUPRABOND),1179.97,SUPRABOND
GAS 25,SELLARROSCAS GAS  - 25 ML (SUPRABOND),415.68,SUPRABOND
GAS 50,SELLARROSCAS GAS  - 50 ML (SUPRABOND),636.22,SUPRABOND
GAS 125,SELLARROSCAS GAS  - 125 ML (SUPRABOND),1005.47,SUPRABOND
TPC BC,TOPETINA CIRCULAR - BLANCA - ESPESOR 5 MM  - 4 UNIDADES (SUPRABOND),276.11,SUPRABOND
TPC SM,TOPETINA CIRCULAR - SIMIL MADERA - ESPESOR 5 MM  - 4 UNIDADES (SUPRABOND),316.4,SUPRABOND
TPR BC,TOPETINA RECTANGULAR - BLANCA - DE 8.5 X 3CM / ESPESOR 5MM  - 3 UNIDADES (SUPRABOND),297.2,SUPRABOND
TPR SM,TOPETINA RECTANGULAR - SIMIL MADERA - 8.5 X 3CM / ESPESOR 5MM  - 3 UNIDADES (SUPRABOND),374.25,SUPRABOND
TPC F 20 M,TOPETINA FIELTRO CIRCULAR 20 MM X 32 UNIDADES MARRON  - 32 UNIDADES (SUPRABOND),900.94,SUPRABOND
TPC F 30 M,TOPETINA FIELTRO CIRCULAR 30 MM X 18 UNIDADES MARRON  - 18 UNIDADES (SUPRABOND),900.94,SUPRABOND
TPR F 20 M,TOPETINA FIELTRO RECTANGULAR 20 MM X 32 UNIDADES MARRON  - 32 UNIDADES (SUPRABOND),900.94,SUPRABOND
TPR F 30 M,TOPETINA FIELTRO RECTANGULAR 30 MM X 18 UNIDADES MARRON  - 18 UNIDADES (SUPRABOND),900.94,SUPRABOND
TPC A 18 T,TOPETINA PROTECTOR DE PVC TRANSPARENTE 18 MM X 12 UNIDADES  - 12 UNIDADES (SUPRABOND),860.54,SUPRABOND
ZNO D N,ZOCALO DOBLE DE 95 CM- NEGRO  - 95 CM NEGRO (SUPRABOND),2203.36,SUPRABOND
ZNO D N 120,ZOCALO DOBLE EXTRA LARGO DE 120 CM- NEGRO  - 120 CM NEGRO (SUPRABOND),2533.85,SUPRABOND
ZNO D B,ZOCALO DOBLE DE 95 CM- BLANCO  - 95 CM BLANCO (SUPRABOND),2203.36,SUPRABOND
ZNO,ZOCALO AUTOADHESIVO - GRIS - 92 CM.  - . (SUPRABOND),949.58,SUPRABOND
ZNO B,ZOCALO AUTOADHESIVO - BLANCO - 92 CM.  - . (SUPRABOND),949.58,SUPRABOND
ZNO SM,ZOCALO AUTOADHESIVO - SIMIL MADERA - 92 CM.  - . (SUPRABOND),949.58,SUPRABOND
ZNO CP B,ZOCALO CON CEPILLO BLANCO  - 98 CM (SUPRABOND),1332.29,SUPRABOND
ZNO CP M,ZOCALO CON CEPILLO MARRON  - 98 CM (SUPRABOND),1332.29,SUPRABOND
ZNO D B 120,ZOCALO DOBLE EXTRA LARGO DE 120 CM- BLANCO  - 120 CM BLANCO (SUPRABOND),2533.85,SUPRABOND
ZNO D EA B,ZOCALO DOBLE EXTRA ANCHO DE 95 CM- BLANCO  - 95 CM BLANCO (SUPRABOND),2769.75,SUPRABOND
ZNO D EA B 120,ZOCALO DOBLE EXTRA ANCHO LARGO DE 120 CM- BLANCO  - 120 CM BLANCO (SUPRABOND),3437.38,SUPRABOND
ZNO D EA G,ZOCALO DOBLE EXTRA ANCHO DE 95 CM- GRIS  - 95 CM GRIS (SUPRABOND),2769.75,SUPRABOND
ZNO D EA G 120,ZOCALO DOBLE EXTRA ANCHO LARGO DE 120 CM- GRIS  - 120 CM GRIS (SUPRABOND),3475.55,SUPRABOND
ZNO D EA M,ZOCALO DOBLE EXTRA ANCHO DE 95 CM- MARRON  - 95 CM - MARRON (SUPRABOND),2769.75,SUPRABOND
ZNO D EA M 120,ZOCALO DOBLE EXTRA ANCHO LARGO DE 120 CM- MARRON  - 120 CM - MARRON (SUPRABOND),3475.55,SUPRABOND
ZNO D EA N,ZOCALO DOBLE EXTRA ANCHO DE 95 CM- NEGRO  - 95 CM  NEGRO (SUPRABOND),2769.75,SUPRABOND
ZNO D EA N 120,ZOCALO DOBLE EXTRA ANCHO LARGO DE 120 CM- NEGRO  - 120 CM NEGRO (SUPRABOND),3475.55,SUPRABOND
ZNO D G,ZOCALO DOBLE DE 95 CM- GRIS  - 95 CM GRIS (SUPRABOND),2203.36,SUPRABOND
ZNO D G 120,ZOCALO DOBLE EXTRA LARGO DE 120 CM- GRIS  - 120 CM GRIS (SUPRABOND),2533.85,SUPRABOND
ZNO D M,ZOCALO DOBLE DE 95 CM- MARRON  - 95 CM MARRON (SUPRABOND),2203.36,SUPRABOND
ZNO D M 120,ZOCALO DOBLE EXTRA LARGO DE 120 CM- MARRON  - 120 CM MARRON (SUPRABOND),2533.85,SUPRABOND
CIA A-100 20,CIANOACR.-SUP. POROSAS MEDIA VISC.  - 20G (SUPRABOND - LINEA PROFESIONAL -),1466.2,SUPRABOND
CIA A-3 20,CIANOACR. - PENETRANTE  - 20G (SUPRABOND - LINEA PROFESIONAL -),1466.2,SUPRABOND
CIA A-40 20,CIANOACR. - PLASTICOS Y GOMAS  - 20G (SUPRABOND - LINEA PROFESIONAL -),1466.2,SUPRABOND
TRS C-AM 15,TRABA P/CILINDRICAS HOLG. MEDIA  - 15G (SUPRABOND - LINEA PROFESIONAL -),2038.6,SUPRABOND
TRS R-AA 15,TRABA P/ROSCAS TQUE. ALTO HOLG. ALTA  - 15G (SUPRABOND - LINEA PROFESIONAL -),2038.6,SUPRABOND
TRS R-AM 15,TRABA P/ROSCAS TQUE. ALTO HOLG. MEDIA  - 15G (SUPRABOND - LINEA PROFESIONAL -),2038.6,SUPRABOND
EL PEL 5 T,"PELACABLES TIJERA SERIE 500  - 6"" (BULIT)",1892.8,SUPRABOND
EL PEL 5 A F,PELACABLES AUTOMATICO FRONTAL SERIE 500  - . (BULIT),1960.69,SUPRABOND
EL PEL 6 A L,PELACABLES AUTOMATICO LATERAL SERIE 600  - . (BULIT),4037.62,SUPRABOND
BO 5 1/4 3/16V,"BOCALLAVE SER.500-1/4""-3/16""-CR.VN.  - . (BULIT)",107.7,SUPRABOND
BO 5 1/4 5/16V,"BOCALLAVE SER.500-1/4""-5/16""-CR.VN.  - 1/4""-5/16""-CR.VN. (BULIT)",107.7,SUPRABOND
BO 5 1/4 7/16V,"BOCALLAVE SER.500-1/4""-7/16""-CR.VN.  - 1/4""-7/16""-CR.VN. (BULIT)",131.63,SUPRABOND
BO 1/4 1/4V,"BOCALLAVE 1/4"" - 1/4"" - CR.VAN.  - 1/4- 1/4 (BULIT)",107.7,SUPRABOND
BO 1/4 1/2V,"BOCALLAVE 1/4"" - 1/2"" - CR.VAN.  - 1/4- 1/2 (BULIT)",137.61,SUPRABOND
BO 1/4 3/8V,"BOCALLAVE 1/4"" - 3/8"" - CR.VAN.  - 1/4- 3/8 (BULIT)",119.66,SUPRABOND
BO 1/4 3/16V,CROMO VANADIO  - 1/4- 3/16 (BULIT),107.7,SUPRABOND
BO 1/4 5/16V,"BOCALLAVE 1/4"" - 5/16"" - CR.VAN.  - 1/4- 5/16 (BULIT)",107.7,SUPRABOND
BO 1/4 7/16V,"BOCALLAVE 1/4"" - 7/16"" - CR.VAN.  - 1/4- 7/16 (BULIT)",131.63,SUPRABOND
BO 1/4 5V,"BOCALLAVE 1/4"" - 5 MM - CR.VAN.  - 1/4- 5 MM (BULIT)",107.7,SUPRABOND
BO 1/4 6V,"BOCALLAVE 1/4"" - 6 MM - CR.VAN.  - 1/4- 6 MM (BULIT)",107.7,SUPRABOND
BO 1/4 8V,"BOCALLAVE 1/4"" - 8 MM - CR. VAN.  - 1/4- 8 MM (BULIT)",119.66,SUPRABOND
BO 1/4 9V,"BOCALLAVE 1/4"" - 9 MM - CR.VAN.  - 1/4- 9 MM (BULIT)",119.66,SUPRABOND
BO 1/4 10V,"BOCALLAVE 1/4"" - 10 MM - CR.VAN.  - 1/4- 10 MM (BULIT)",131.63,SUPRABOND
BO 1/4 12V,"BOCALLAVE 1/4"" - 12 MM - CR.VAN.  - 1/4- 12 MM (BULIT)",131.63,SUPRABOND
BO 5 1/4 1/4V,"BOCALLAVE SER.500-1/4""-1/4""-CR.VN.  - 1/4- 1/4 (BULIT)",107.7,SUPRABOND
BO 5 1/4 1/2V,"BOCALLAVE SER.500-1/4""-1/2""-CR.VN.  - 1/4- 1/2 (BULIT)",137.61,SUPRABOND
BO 5 1/4 3/8V,"BOCALLAVE SER.500-1/4""-3/8""-CR.VN.  - 1/4- 3/8 (BULIT)",119.66,SUPRABOND
BO 5 1/4 5V,"BOCALLAVE SER.500-1/4""-5MM-CR.VN.  - 1/4- 5 MM (BULIT)",107.7,SUPRABOND
BO 5 1/4 6V,"BOCALLAVE SER 500-1/4""-6MM-CR.VN.  - 1/4- 6 MM (BULIT)",107.7,SUPRABOND
BO 5 1/4 7V,"BOCALLAVE SER.500-1/4""-7MM-CR.VN.  - 1/4- 7 MM (BULIT)",107.7,SUPRABOND
BO 5 1/4 8V,"BOCALLAVE SER.500-1/4""-8MM-CR.VN.  - 1/4- 8 MM (BULIT)",119.66,SUPRABOND
BO 5 1/4 9V,"BOCALLAVE SER.500-1/4""-9MM-CR.VN.  - 1/4- 9 MM (BULIT)",119.66,SUPRABOND
BO 5 1/4 11V,"BOCALLAVE SER.500-1/4""-11MM-CR.VN.  - 1/4- 11 MM (BULIT)",131.63,SUPRABOND
BO 5 1/4 12V,"BOCALLAVE SER.500-1/4""-12MM-CR.VN.  - 1/4- 12 MM (BULIT)",131.63,SUPRABOND
JD S6 PZA SET,SET DE PODA SERIE 600  - . (BULIT),3423.08,SUPRABOND
CDB AR 40X4,CANDADO REF. ACERO NIQUELADO 40 MM X 4 UN  - 40 MM X 4 (BULIT),6184.02,SUPRABOND
CDB C3 35 TSA A,CANDADO DE COMBINACION TSA CON ARO  - 35 CON ARO (BULIT),3367.27,SUPRABOND
CDB C3 35 TSA C,CANDADO DE COMBINACION TSA CON CABLE  - 35 CON CABLE (BULIT),3367.27,SUPRABOND
CDB H 30 D,CANDADO DE HIERRO DORADO N 30  - 30 MM (BULIT),941.38,SUPRABOND
CDB H 30 D L,CANDADO DE HIERRO DORADO N 30 ARO LARGO  - 30 MM LARGO (BULIT),1037.91,SUPRABOND
CDB H 40 D,CANDADO DE HIERRO DORADO N 40  - 40 MM (BULIT),1177.96,SUPRABOND
CDB H 40 D L,CANDADO DE HIERRO DORADO N 40 ARO LARGO  - 40 MM LARGO (BULIT),1298.72,SUPRABOND
CDB H 60 D,CANDADO DE HIERRO DORADO N 60  - 60 MM (BULIT),2500.46,SUPRABOND
CDB H 60 D L,CANDADO DE HIERRO DORADO N 60 ARO LARGO  - 60 MM LARGO (BULIT),2756.89,SUPRABOND
CDB WR 40,CANDADO REFORZADO WATER RESISTANT 40MM  - 40 MM (BULIT),2010.03,SUPRABOND
CDB WR 40 L,CANDADO REFORZADO WATER RESISTANT 40 MM ARO LARGO  - 40 MM  ARO LARGO (BULIT),2401.59,SUPRABOND
CDB WR 50,CANDADO REFORZADO WATER RESISTANT 50 MM  - 50 MM (BULIT),2877.61,SUPRABOND
CDB WR 50 L,CANDADO REFORZADO WATER RESISTANT 50MM ARO LARGO  - 50 MM ARO LARGO (BULIT),3214.3,SUPRABOND
CDB H 50 D,CANDADO DE HIERRO DORADO N 50  - 50 MM (BULIT),1859.75,SUPRABOND
CDB H 50 D L,CANDADO DE HIERRO DORADO N 50 ARO LARGO  - 50 MM LARGO (BULIT),2050.53,SUPRABOND
CDB TD 10 F,"CANDADO TRABA DISCO DE 10 MM CON FUNDA  - 10"" (BULIT)",4334.73,SUPRABOND
CDB TD 5.5 F,"CANDADO TRABA DISCO DE 5.5 MM CON FUNDA  - 5.5"" (BULIT)",3996.96,SUPRABOND
CDB H 30,CANDADO HIERRO - 3 LLAVES  - 30 MM (BULIT),941.38,SUPRABOND
CDB H 40,CANDADO HIERRO - 3 LLAVES  - 40 MM (BULIT),1177.96,SUPRABOND
CDB H 50,CANDADO DE HIERRO ARO CEMENTADO 50MM  - 50 MM (BULIT),1859.75,SUPRABOND
CDB H 60,CANDADO DE HIERRO ARO CEMENTADO 60MM.  - 60 MM (BULIT),2500.46,SUPRABOND
CDB AS 30,CANDADO REFORZADO ALTA SEGURIDAD ACERO NIQUELADO 30 MM  - 30 MM (BULIT),1602.27,SUPRABOND
CDB AS 40,CANDADO REFORZADO ALTA SEGURIDAD ACERO NIQUELADO 40 MM  - 40 MM (BULIT),2013.71,SUPRABOND
CDB AS 50,CANDADO REFORZADO ALTA SEGURIDAD ACERO NIQUELADO 50 MM  - 50 MM (BULIT),2884.55,SUPRABOND
CDB AR 30,CANDADO REF. ACERO NIQUELADO 30 MM  - 30 MM (BULIT),1403.31,SUPRABOND
CDB AR 30 L,CANDADO REF. ACERO NIQUELADO 30 MM ARO LARGO  - 30 MM ARO LARGO (BULIT),1678.39,SUPRABOND
CDB AR 40,CANDADO REF. ACERO NIQUELADO 40 MM  - 40 MM (BULIT),1763.16,SUPRABOND
CDB AR 40X2,CANDADO REFORZADO ACERO NIQUELADO 40 MM. X 2 UNIDADES  - 40 MM (BULIT),3458.53,SUPRABOND
CDB AR 40 L,CANDADO REF. ACERO NIQUELADO 40 MM ARO LARGO  - 40 MM ARO LARGO (BULIT),2001.35,SUPRABOND
CDB AR 50,CANDADO REF. ACERO NIQUELADO 50 MM  - 50 MM (BULIT),2524.23,SUPRABOND
CDB AR 50 L,CANDADO REF. ACERO NIQUELADO 50 MM ARO LARGO  - 50 MM ARO LARGO (BULIT),2678.58,SUPRABOND
CDB AR 60,CANDADO REF. ACERO NIQUELADO 60 MM  - 60 MM (BULIT),3145.59,SUPRABOND
CDB BS 20,CANDADO BRONCE STANDARD - 3 LLAVES  - 20 MM (BULIT),612.66,SUPRABOND
CDB BS 30,CANDADO BRONCE STANDARD - 3 LLAVES  - 30 MM (BULIT),881.56,SUPRABOND
CDB BS 40,CANDADO BRONCE STANDARD - 3 LLAVES  - 40 MM (BULIT),1101.84,SUPRABOND
CDB B 25,CANDADO REFORZADO - 3 LLAVES  - 25 MM (BULIT),1474.31,SUPRABOND
CDB BR 30,CANDADO REFORZADO - DOBLE TRABA - 3 LLAVES  - 30 MM (BULIT),1950.46,SUPRABOND
CDB BR 30L,CANDADO REFORZADO - DOBLE TRABA - ARO LARGO - 3 LLAVES  - 30 MM (BULIT),2339.44,SUPRABOND
CDB BR 40,CANDADO REFORZADO - DOBLE TRABA - 3 LLAVES  - 38 MM (BULIT),3086.74,SUPRABOND
CDB BR 40L,CANDADO REFORZADO - DOBLE TRABA - ARO LARGO - 3 LLAVES  - 40 MM (BULIT),3169.11,SUPRABOND
CDB BR 50,CANDADO REFORZADO - DOBLE TRABA - 3 LLAVES  - 50 MM (BULIT),3861.58,SUPRABOND
CDB BR 50L,CANDADO REFORZADO - DOBLE TRABA - ARO LARGO - 3 LLAVES  - 50 MM (BULIT),4306.84,SUPRABOND
CDB C3 20 AR,CANDADO DE ALEACION ALUMINIO 3 COMB. 20 MM ROJO  - 20 MM (BULIT),1532.53,SUPRABOND
CDB C3 20 AV,CANDADO DE ALEACION ALUMINIO 3 COMB. 20 MM VERDE  - 20 MM (BULIT),1532.53,SUPRABOND
CDB C3 30 AR,CANDADO DE ALEACION ALUMINIO 3 COMB. 30 MM ROJO  - 30 MM (BULIT),1774.18,SUPRABOND
CDB C3 30 AV,CANDADO DE ALEACION ALUMINIO 3 COMB. 30 MM VERDE  - 30 MM (BULIT),1774.18,SUPRABOND
CDB C4 40 AR,CANDADO DE ALEACION ALUMINIO 3 COMB. 40 MM ROJO  - 40 MM (BULIT),2177.26,SUPRABOND
CDB C4 40 AV,CANDADO DE ALEACION ALUMINIO 3 COMB. 40 MM VERDE  - 40 MM (BULIT),2177.26,SUPRABOND
CDB C4 56 RD,CANDADO DE ALEACION REFORZADO 4 COMB.  - 56 MM (BULIT),3587.19,SUPRABOND
CDB C4 PP,CANDADO DE ALEACION 4 COMB. 70 MM PERSIANAS  - 70 MM (BULIT),3701.33,SUPRABOND
CDB C5 65 CA,CANDADO DE ALEACION 5 COMBINACIONES 65 MM AZUL  - 65 MM (BULIT),2179.4,SUPRABOND
CDB C5 65 CR,CANDADO DE ALEACION 5 COMBINACIONES 65 MM ROJO  - 65 MM (BULIT),2179.4,SUPRABOND
CDB MS 72 B,CANDADO MAXIMA SEGURIDAD 72 MM  - 72 MM (BULIT),4663.07,SUPRABOND
CJB B120 D,CANDADO CERROJO SERIE 600 DERECHO  - KIT CON ACCESORIOS (BULIT),6166.24,SUPRABOND
CJB B120 I,CANDADO CERROJO SERIE 600 IZQUIERDO  - KIT CON ACCESORIOS (BULIT),6166.24,SUPRABOND
CJB B 60,CANDADO CERROJO SERIE 500  - KIT CON ACCESORIOS (BULIT),4970.09,SUPRABOND
CTA MCA5B 3,CINTA METRICA SERIE 500 CON FRENO 3M.X16MM  - 3 M (BULIT),1846.86,SUPRABOND
MED REG ALD 30,REGLA DE ALUMINIO DE 30 CM  - 30 CM (BULIT),854.95,SUPRABOND
MED REG ALD 40,REGLA DE ALUMINIO DE 40 CM  - 40 CM (BULIT),1134.88,SUPRABOND
CTA MCA5B 5,CINTA METRICA SERIE 500 CON FRENO 5M.X19MM  - 5 M (BULIT),2679.32,SUPRABOND
"CTA MCA5B 7,5",SERIE 500 DOBLE FRENO 7.5M.X25MM  - 7.5 M (BULIT),5133.38,SUPRABOND
MED REG AI 30,REGLA DE ACERO INOXIDABLE DE 30 CM  - 30 CM (BULIT),456.96,SUPRABOND
MED REG AI 40,REGLA DE ACERO INOXIDABLE DE 40 CM  - 40 CM (BULIT),569.27,SUPRABOND
MED ESC PL 25,ESCUADRA DE ACERO INOXIDABLE CON MANGO PLASTICO DE 25 CM  - 25 CM (BULIT),953.02,SUPRABOND
MED ESC PL 30,ESCUADRA DE ACERO INOXIDABLE CON MANGO PLASTICO DE 30 CM  - 30 CM (BULIT),1009.23,SUPRABOND
MED ESC AL 25,ESCUADRA DE ACERO INOXIDABLE CON MANGO DE ALUMINIO DE 25 CM  - 25 CM (BULIT),2160.39,SUPRABOND
MED ESC AL 30,ESCUADRA DE ACERO INOXIDABLE CON MANGO DE ALUMINIO DE 30 CM  - 30 CM (BULIT),2523.84,SUPRABOND
MED ESC AI 30,ESCUADRA DE ACERO INOXIDABLE DE 30 CM  - 30 CM (BULIT),2256.31,SUPRABOND
C CTR 8A P,CUTTER PROFESIONAL AUTOMATICO SERIE 800  - . (BULIT),2496.98,SUPRABOND
C CTR 8A G,CUTTER PROFESIONAL AUTOMATICO SERIE 800  - . (BULIT),2138.45,SUPRABOND
C CTR 6 N,CUTTER NAVAJA SERIE 600  - . (BULIT),2126.53,SUPRABOND
C CTR 6 PRE,CUTTER DE PRECISION SERIE 600  - . (BULIT),851.35,SUPRABOND
C CTR 5A G,CUTTER REFORFADO AUTOMATICO GRANDE SERIE 500  - . (BULIT),1237.55,SUPRABOND
C CTR P4,CUTTER PROFESIONAL METALICO - 4 POSICIONES  - . (BULIT),1726.68,SUPRABOND
C CTR 5A C,CUTTER REFORZADO AUTOMATICO CHICO SERIE 500  - . (BULIT),1014.7,SUPRABOND
C CTR 5 G,CUTTER REFORZADO A ROSCA CON REPUESTO SERIE 500  - . (BULIT),881.8,SUPRABOND
C CTR 3 G R,CUTTER REFORZADO GRANDE SERIE 300  - . (BULIT),611.74,SUPRABOND
C CTR 3 C R,CUTTER REFORZADO CHICO SERIE 300  - . (BULIT),441.51,SUPRABOND
C CTR C H CRP,CUTTER CHICO -  C/ 5 REPUESTOS  - . (BULIT),307.92,SUPRABOND
C CTR SBD C,CUTTER CORTA PICOS CARTUCHOS  SUPRABOND  - . (BULIT),669.28,SUPRABOND
C CTR G H,CUTTER GRANDE - HOBBY  - . (BULIT),285.28,SUPRABOND
C CTR 5/1,HERRAMIENTA DE CORTE 5 EN 1  - . (BULIT),6058.07,SUPRABOND
C CTR C/R,REPUESTO CUTTER - CHICO - 10 UNIDADES  - . (BULIT),308.22,SUPRABOND
C CTR G/R,REPUESTO CUTTER - GRANDE - 5 UNIDADES  - . (BULIT),304.29,SUPRABOND
C CTR PR,REPUESTO CUTTER PROFESIONAL - 5 UNIDADES  - . (BULIT),624.05,SUPRABOND
DES 8RA 5X150,DESTORNILLADOR DS800 CROM.VAN.RECTO AISLADO 5X150M  - . (BULIT),552.37,SUPRABOND
DES 7PH 0X50,DESTORNILLADOR SERIE 700 - PHILIPS - CROMO VANADIO  - # 0 X 50 MM (BULIT),304.4,SUPRABOND
DES 7PH 0X75,DESTORNILLADOR SERIE 700 - PHILIPS - CROMO VANADIO  - # 0 X 75 MM (BULIT),348.05,SUPRABOND
DES 7PH 1X50,DESTORNILLADOR SERIE 700 - PHILIPS - CROMO VANADIO  - # 1 X 50 MM (BULIT),471.49,SUPRABOND
DES 7PH 1X75,DESTORNILLADOR SERIE 700 - PHILIPS - CROMO VANADIO  - # 1 X 75 MM (BULIT),499.45,SUPRABOND
DES 7PH 2X38,DESTORNILLADOR SERIE 700 - PHILIPS - CROMO VANADIO  - # 2 X 38 MM (BULIT),741.52,SUPRABOND
DES 7PH 2X100,DESTORNILLADOR SERIE 700 - PHILIPS - CROMO VANADIO  - # 2 X 100 MM (BULIT),757.59,SUPRABOND
DES 7PH 3X125,DESTORNILLADOR SERIE 700 - PHILIPS - CROMO VANADIO  - # 3 X 125 MM (BULIT),1157.91,SUPRABOND
DES 7PL 4X75,DESTORNILLADOR SERIE 700 - PLANO - CROMO VANADIO  - 4 X 75 MM (BULIT),451.85,SUPRABOND
DES 7RT 4X75,DESTORNILLADOR SERIE 700 - RECTO - CROMO VANADIO  - 4 X 75 MM (BULIT),458.23,SUPRABOND
DES 7PL 4X100,DESTORNILLADOR SERIE 700 - PLANO - CROMO VANADIO  - 4 X 100 MM (BULIT),456.44,SUPRABOND
DES 7PL 4X125,DESTORNILLADOR SERIE 700 - PLANO - CROMO VANADIO  - 4 X 125 MM (BULIT),487.91,SUPRABOND
DES 7PL 4X150,DESTORNILLADOR SERIE 700 - PLANO - CROMO VANADIO  - 4 X 150 MM (BULIT),496.95,SUPRABOND
DES 7RT 4X150,DESTORNILLADOR SERIE 700 - RECTO - CROMO VANADIO  - 4 X 150 MM (BULIT),515.66,SUPRABOND
DES 7PL 5X75,DESTORNILLADOR SERIE 700 - PLANO - CROMO VANADIO  - 5 X 75 MM (BULIT),498.01,SUPRABOND
DES 7PL 5X100,DESTORNILLADOR SERIE 700 - PLANO - CROMO VANADIO  - 5 X 100 MM (BULIT),554.62,SUPRABOND
DES 7PL 5X125,DESTORNILLADOR SERIE 700 - PLANO - CROMO VANADIO  - 5 X 125 MM (BULIT),587.38,SUPRABOND
DES 7PL 5X150,DESTORNILLADOR SERIE 700 - PLANO - CROMO VANADIO  - 5 X 150 MM (BULIT),612.88,SUPRABOND
DES 7RT 5X150,DESTORNILLADOR SERIE 700 - RECTO - CROMO VANADIO  - 5 X 150 MM (BULIT),558.23,SUPRABOND
DES 7PL 6X38,DESTORNILLADOR SERIE 700 - PLANO - CROMO VANADIO  - 6 X 38 MM (BULIT),741.52,SUPRABOND
DES 7PL 6X100,DESTORNILLADOR SERIE 700 - PLANO - CROMO VANADIO  - 6 X 100 MM (BULIT),713.31,SUPRABOND
DES 7PL 6X150,DESTORNILLADOR SERIE 700 - PLANO - CROMO VANADIO  - 6 X 150 MM (BULIT),872.0,SUPRABOND
DES 7PL 8X100,DESTORNILLADOR SERIE 700 - PLANO - CROMO VANADIO  - 8 X 100 MM (BULIT),1025.75,SUPRABOND
DES 7PL 8X150,DESTORNILLADOR SERIE 700 - PLANO - CROMO VANADIO  - 8 X 150 MM (BULIT),1181.75,SUPRABOND
DES 7PHA 1X75,DESTORNILLADOR SERIE 700 - PHILIPS AISLADO - CROMO VANADIO  - # 1 X 75 MM (BULIT),426.01,SUPRABOND
DES 7RA 4X75,DESTORNILLADOR SERIE 700 - AISLADO- CROMO VANADIO  - 4 X 75 MM (BULIT),343.99,SUPRABOND
DES 7RA 4X150,DESTORNILLADOR SERIE 700 - AISLADO- CROMO VANADIO  - 4 X 150 MM (BULIT),434.7,SUPRABOND
DES 8PH 0X50,DESTORNILLADOR SERIE 800 CROMO VANADIO PHILIPS #0X50MM  - 0 X 50 MM (BULIT),442.35,SUPRABOND
DES 8PH 0X75,DESTORNILLADOR SERIE 800 CROMO VANADIO PHILIPS #0X75MM  - 0 X 75 MM (BULIT),457.5,SUPRABOND
DES 8PH 1X50,DESTORNILLADOR SERIE 800 CROMO VANADIO PHILIPS #1X50MM  - 1 X 50 MM (BULIT),540.24,SUPRABOND
DES 8PH 1X75,DESTORNILLADOR SERIE 800 CROMO VANADIO PHILIPS #1X75MM  - 1 X 75 MM (BULIT),541.6,SUPRABOND
DES 8PH 2X38,DESTORNILLADOR SERIE 800 CROMO VANADIO PHILLIPS#2X38MM  - 2 X 38 MM (BULIT),897.66,SUPRABOND
DES 8PH 1X300,DESTORNILLADOR SERIE 800 CROMO VANADIO PHILIPS #1X300MM  - 1 X 300 MM (BULIT),906.64,SUPRABOND
DES 8PH 2X100,DESTORNILLADOR SERIE 800 CROMO VANADIO PHILIPS #2X100MM  - 2 X 100 MM (BULIT),913.84,SUPRABOND
DES 8PH 3X125,DESTORNILLADOR SERIE 800 CROMO VANADIO PHILIPS #3X125MM  - 3 X 125 MM (BULIT),1454.39,SUPRABOND
DES 8PHA 0X75,DESTORNILLADOR SERIE 800 CROMO VANADIO PHILIPS AISLADO #0X75MM  - 0 X 75 MM (BULIT),620.2,SUPRABOND
DES 8PHA 1X100,DESTORNILLADOR SERIE 800 CROMO VANADIO PHILIPS AISLADO #1X100MM  - 1 X 100 MM (BULIT),786.03,SUPRABOND
DES 8PHA 2X100,DESTORNILLADOR SERIE 800 CROMO VANADIO PHILIPS AISLADO #2X100MM  - 2 X 100 MM (BULIT),971.57,SUPRABOND
DES 8PHA 2X150,DESTORNILLADOR SERIE 800 CROMO VANADIO PHILIPS AISLADO #2X150MM  - 2 X 150 MM (BULIT),979.31,SUPRABOND
DES 8PL 4X100,DESTORNILLADOR SERIE 800 CROMO VANADIO PLANO #4X100MM  - 4 X 100 MM (BULIT),490.88,SUPRABOND
DES 8PL 4X125,DESTORNILLADOR SERIE 800 CROMO VANADIO PLANO #4X125MM  - 4 X 125 MM (BULIT),540.24,SUPRABOND
DES 8PL 4X150,DESTORNILLADOR SERIE 800 CROMO VANADIO PLANO #4X150MM  - 4 X 150 MM (BULIT),620.2,SUPRABOND
DES 8PL 4X200,DESTORNILLADOR SERIE 800 CROMO VANADIO PLANO #4X200MM  - 4 X 200 MM (BULIT),621.81,SUPRABOND
DES 8PL 4X75,DESTORNILLADOR SERIE 800 CROMO VANADIO PLANO #4X75MM  - 4 X 200 MM (BULIT),540.24,SUPRABOND
DES 8PL 5X100,DESTORNILLADOR SERIE 800 CROMO VANADIO PLANO #5X100MM  - 5 X 100 MM (BULIT),655.96,SUPRABOND
DES 8PL 5X125,DESTORNILLADOR SERIE 800 CROMO VANADIO PLANO #5X125MM  - 5 X 125 MM (BULIT),706.23,SUPRABOND
DES 8PL 5X150,DESTORNILLADOR SERIE 800 CROMO VANADIO PLANO #5X150MM  - 5 X 150 MM (BULIT),741.52,SUPRABOND
DES 8PL 5X75,DESTORNILLADOR SERIE 800 CROMO VANADIO PLANO #5X75MM  - 5 X 75 MM (BULIT),588.72,SUPRABOND
DES 8PL 6X38,DESTORNILLADOR SERIE 800 CROMO VANADIO PHILLIPS #6X38MM  - 6 X 38 MM (BULIT),932.46,SUPRABOND
DES 8PL 6X100,DESTORNILLADOR SERIE 800 CROMO VANADIO PLANO #6X100MM  - 6 X 100 MM (BULIT),897.66,SUPRABOND
DES 8PL 6X150,DESTORNILLADOR SERIE 800 CROMO VANADIO PLANO #6X150MM  - 6 X 150 MM (BULIT),1093.98,SUPRABOND
DES 8PL 8X100,DESTORNILLADOR SERIE 800 CROMO VANADIO PLANO #8X100MM  - 8 X 100 MM (BULIT),1291.68,SUPRABOND
DES 8PL 8X150,DESTORNILLADOR SERIE 800 CROMO VANADIO PLANO #8X150MM  - 8 X 150 MM (BULIT),1493.56,SUPRABOND
DES 8PL 8X200,DESTORNILLADOR SERIE 800 CROMO VANADIO PLANO #8X200MM  - 8 X 200 MM (BULIT),1598.87,SUPRABOND
DES 8RA 4X100,DESTORNILLADOR SERIE 800 CROMO VANADIO RECTO AISLADO #8X200MM  - 8 X 200 MM (BULIT),621.81,SUPRABOND
DES 8RA 5.5X125,DESTORNILLADOR SERIE 800 CROMO VANADIO RECTO AISLADO #5.5X125MM  - 5.5 X 125 MM (BULIT),824.65,SUPRABOND
DES 8RA 6.5X150,DESTORNILLADOR SERIE 800 CROMO VANADIO RECTO AISLADO #6.5X150MM  - 6.5 X 150 MM (BULIT),882.47,SUPRABOND
DES 8RT 4X150,DESTORNILLADOR SERIE 800 CROMO VANADIO RECTO #4X150MM  - 4 X 150 MM (BULIT),606.18,SUPRABOND
DES 8RT 4X75,DESTORNILLADOR SERIE 800 CROMO VANADIO RECTO #4X75MM  - 4 X 75 MM (BULIT),541.6,SUPRABOND
DES 8RT 4X200,DESTORNILLADOR SERIE 800 CROMO VANADIO RECTO #4X200MM  - 4 X 200 MM (BULIT),729.95,SUPRABOND
DES 8TX 6X75-3,DESTORNILLADOR SERIE 800 CROMO VANADIO TORX #6X75*3  - 6 X 75 MM (BULIT),541.6,SUPRABOND
DES 8TX 7X75-3,DESTORNILLADOR SERIE 800 CROMO VANADIO TORX #7X75*3  - 7 X 75 MM (BULIT),555.27,SUPRABOND
DES 8TX 8X75-3,DESTORNILLADOR SERIE 800 CROMO VANADIO TORX #8X75*3  - 8 X 75 MM (BULIT),574.99,SUPRABOND
DES 8TX 9X75-4,DESTORNILLADOR SERIE 800 CROMO VANADIO TORX #9X75*4  - 9 X 75 MM (BULIT),587.08,SUPRABOND
DES 8TX10X100-5,DESTORNILLADOR SERIE 800 CROMO VANADIO TORX #10X100*5  - 10 X 100 MM (BULIT),741.64,SUPRABOND
DES 8TX15X100-6,DESTORNILLADOR SERIE 800 CROMO VANADIO TORX #15X100*6  - 15 X 100 MM (BULIT),906.64,SUPRABOND
DES 8TX20X100-6,DESTORNILLADOR SERIE 800 CROMO VANADIO TORX #20X100*6  - 20 X 100 MM (BULIT),971.57,SUPRABOND
DES 8TX25X100-6,DESTORNILLADOR SERIE 800 CROMO VANADIO TORX 25X100*6  - 25 X 100 MM (BULIT),899.55,SUPRABOND
DES 8TX25X125-6,DESTORNILLADOR SERIE 800 CROMO VANADIO TORX #25X125*6  - 25 X 125 MM (BULIT),994.28,SUPRABOND
DES 8TX27X125-6,DESTORNILLADOR SERIE 800 CROMO VANADIO TORX #27X125*6  - 27 X 125 MM (BULIT),1007.49,SUPRABOND
DES 8TX40X150-7,DESTORNILLADOR SERIE 800 CROMO VANADIO TORX #40X150*7  - 40 X 150 MM (BULIT),1184.78,SUPRABOND
DES 8TX45X150-8,DESTORNILLADOR SERIE 800 CROMO VANADIO TORX #45X150*8  - 45 X 150 MM (BULIT),1219.34,SUPRABOND
DES 8TX30X125-6,DESTORNILLADOR SERIE 800 CROMO VANADIO TORX #30X125*6  - 30 X 125 MM (BULIT),1013.6,SUPRABOND
DES 8TX50X150-9,DESTORNILLADOR SERIE 800 CROMO VANADIO TORX #50X150*9  - 50 X 150 MM (BULIT),1271.09,SUPRABOND
DES 1000 15 B,DESTORNILLADOR SET DE 15 PIEZAS DESTORNILLADOR Y PUNTAS SERIE 1000  - JUEGO 15 PIEZAS (BULIT),3701.5,SUPRABOND
DES 1000 29 B,DESTORNILLADOR SET DE 29 PIEZAS PUNTAS Y ADAPTADOR SERIE 1000  - JUEGO X 29 PIEZAS (BULIT),2709.85,SUPRABOND
DES 1000 8 B,DESTORNILLADOR SET DE 8 PIEZAS PUNTAS Y ADAPTADOR SERIE 1000  - JUEGO X 8 PIEZAS (BULIT),1857.15,SUPRABOND
DES 1000 A 9 B,DESTORNILLADOR ET DE DESTORNILADORES AISLADOS SERIE 1000 9 EN 1  - JUEGO X 9 PIEZAS (BULIT),6258.67,SUPRABOND
DES 1000 PRE,DESTORNILLADOR SET DE DESTORNILADORES DE PRECISION SERIE 1000 7 UNIDADES  - JUEGO X 7 UNIDADES (BULIT),2923.3,SUPRABOND
DES 800 26 C,DESTORNILLADOR SET DE PUNTAS LARGAS Y TUBOS SERIE 800 26 PIEZAS  - JUEGO 26 PIEZAS (BULIT),5534.14,SUPRABOND
DES 800 38 B,DESTORNILLADOR SET DE TUBOS Y PUNTAS SERIE 800 38 PIEZAS  - JUEGO 38 PIEZAS (BULIT),8792.3,SUPRABOND
DES 800 73 B,DESTORNILLADOR SET DE TUBOS Y PUNTAS SERIE 800 73 PIEZAS  - JUEGO 73 PIEZAS (BULIT),11184.22,SUPRABOND
CH ALMTX 16E,DESTORNILLADOR SET DE LLAVES T SERIE 800 16 UNIDADES  - JUEGO 16 PIEZAS (BULIT),10737.03,SUPRABOND
DSA 4CP 115 1,DISCO ABRASIVO DE CORTE SERIE 400 115X1X22.2  - 115 MM (BULIT),196.81,SUPRABOND
"DSA 4CP 115 1,6","DISCO ABRASIVO DE CORTE SERIE 400 115X1,6X22.2  - 115 MM (BULIT)",196.81,SUPRABOND
"DSA 4CP 180 1,6","DISCO ABRASIVO DE CORTE SERIE 400 180X1,6X22.2  - 180 MM (BULIT)",417.29,SUPRABOND
DSA PCP 115 1,"DISCO ABRASIVO DE CORTE PLANO EXTRA FINO 115X1,0X22,2  - 115 MM (BULIT)",146.3,SUPRABOND
"DSA PCP 115 1,6","DISCO ABRASIVO DE CORTE PLANO FINO 115X1,6X22,2  - 115 MM (BULIT)",202.35,SUPRABOND
"DSA PCP 300 3,2","DISCO ABRASIVO DE CORTE PLANO STANDARD 300X3,2X25,4  - 300 MM (BULIT)",839.41,SUPRABOND
"DSA PCP 350 3,2","DISCO ABRASIVO DE CORTE PLANO STANDARD 350X3,2X25,4  - 350 MM (BULIT)",1237.31,SUPRABOND
"DSA PCD 180 3,2","DISCO ABRASIVO DE CORTE CENTRO DEPRIMIDO 180X3,2X22,2  - 180 MM (BULIT)",336.23,SUPRABOND
"DSA PCD 230 3,2","DISCO ABRASIVO DE CORTE CENTRO DEPRIMIDO 230X3,2X22,2  - 230 MM (BULIT)",710.54,SUPRABOND
DSA PDD 180 7,"DISCO ABRASIVO DE DESBASTE CENTRO DEPRIMIDO 180X7X22,2  - 180 MM (BULIT)",740.9,SUPRABOND
DSA PDD 230 7,"DISCO ABRASIVO DE DESBASTE CENTRO DEPRIMIDO 230X7X22,2  - 230 MM (BULIT)",1128.67,SUPRABOND
DSD S80 115 C,DISCO DIAMANTADO SERIE 80 CONTINUO 115 MM  - 115 (BULIT),1023.01,SUPRABOND
DSD S80 115 S,DISCO DIAMANTADO SERIE 80 SEGMENTADO115 MM  - 115 (BULIT),1297.81,SUPRABOND
DSD S80 115 T,DISCO DIAMANTADO SERIE 80 TURBO115 MM  - 115 (BULIT),1335.19,SUPRABOND
DSD S80 180 C,DISCO DIAMANTADO SERIE 80 CONTINUO 180 MM  - 180 (BULIT),2508.01,SUPRABOND
DSD S80 180 S,DISCO DIAMANTADO SERIE 80 SEGMENTADO180 MM  - 180 (BULIT),2844.98,SUPRABOND
DSD S80 180 T,DISCO DIAMANTADO SERIE 80 TURBO 180 MM  - 180 (BULIT),3319.07,SUPRABOND
DSD S80 230 S,DISCO DIAMANTADO SERIE 80 SEGMENTADO 230 MM  - 230 (BULIT),3980.37,SUPRABOND
DSD S400 115 C,DISCO DIAMANTADO SERIE 400 CONTINUO 115 MM  - 115 (BULIT),1229.89,SUPRABOND
DSD S400 115 S,DISCO DIAMANTADO SERIE 400 SEGMENTADO 115 MM  - 115 (BULIT),1575.77,SUPRABOND
DSD S400 115 T,DISCO DIAMANTADO SERIE 400 TURBO 115 MM  - 115 (BULIT),1862.5,SUPRABOND
DSD S400 115 TF,DISCO DIAMANTADO SERIE 400 TURBO FINO 115 MM  - 115 (BULIT),3925.83,SUPRABOND
DSD S400 180 C,DISCO DIAMANTADO SERIE 400 CONTINUO 180 MM  - 180 (BULIT),3037.44,SUPRABOND
DSD S400 180 S,DISCO DIAMANTADO SERIE 400 SEGMENTADO 180 MM  - 180 (BULIT),3437.26,SUPRABOND
DSD S400 180 T,DISCO DIAMANTADO SERIE 400 TURBO 180 MM  - 180 (BULIT),4019.48,SUPRABOND
DSD S400 230 S,DISCO DIAMANTADO SERIE 400 SEGMENTADO 230 MM  - 230 (BULIT),4818.87,SUPRABOND
DSD S600 115 C,DISCO DIAMANTADO SERIE 600 CONTINUO 115 MM  - 115 (BULIT),1537.0,SUPRABOND
DSD S600 115 S,DISCO DIAMANTADO SERIE 600 SEGMENTADO 115 MM  - 115 (BULIT),1972.99,SUPRABOND
DSD S600 115 T,DISCO DIAMANTADO SERIE 600 TURBO 115 MM  - 115 (BULIT),2256.28,SUPRABOND
DSD S600 115 TF,DISCO DIAMANTADO SERIE 600 TURBO FINO 115 MM  - 115 (BULIT),4741.61,SUPRABOND
DSD S600 180 C,DISCO DIAMANTADO SERIE 600 CONTINUO 180 MM  - 180 (BULIT),3584.52,SUPRABOND
DSD S600 180 S,DISCO DIAMANTADO SERIE 600 SEGMENTADO 180 MM  - 180 (BULIT),4207.46,SUPRABOND
DSD S600 180 T,DISCO DIAMANTADO SERIE 600 TURBO 180 MM  - 180 (BULIT),4936.47,SUPRABOND
DSD S600 230 S,DISCO DIAMANTADO SERIE 600 SEGMENTADO 230 MM  - 230 (BULIT),5559.13,SUPRABOND
DSD XLCO 180,DISCO DIAMANTADO LASER PRO SEGMENTADO CONCRETO  - 180 MM (BULIT),4407.81,SUPRABOND
DSD XLCO 230,DISCO DIAMANTADO LASER PRO SEGMENTADO CONCRETO  - 230 MM (BULIT),5823.78,SUPRABOND
DSD XLAB 180,DISCO DIAMANTADO LASER PRO SEGMENTADO ABRASIVO  - 180 MM (BULIT),4407.81,SUPRABOND
DSD XLU 115,DISCO DIAMANTADO LASER PRO SEGMENTADO UNIVERSAL  - 115MM (BULIT),2066.87,SUPRABOND
DSD XLU 180,DISCO DIAMANTADO LASER PRO SEGMENTADO UNIVERSAL  - 180MM (BULIT),4407.81,SUPRABOND
DSD XLU 230,DISCO DIAMANTADO LASER PRO SEGMENTADO UNIVERSAL  - 230MM (BULIT),5823.78,SUPRABOND
DSD D C 230,DISCO DIAMANTADO SERIE DORADA - CONTINUO  - 230 MM (BULIT),4421.5,SUPRABOND
DSD P C 180,DISCO DIAMANTADO SERIE PLATEADA - CONTINUO  - 180 MM (BULIT),2301.12,SUPRABOND
DSD 7 C 230,DISCO DIAMANTADO SERIE 700 USO PROFESIONAL - CONTINUO  - 230 MM (BULIT),2921.67,SUPRABOND
DSD 7 S 180,DISCO DIAMANTADO SERIE 700 USO PROFESIONAL - SEGMENTADO  - 180 MM (BULIT),2610.38,SUPRABOND
DSD 7 S 230,DISCO DIAMANTADO SERIE 700 USO PROFESIONAL - SEGMENTADO  - 230 MM (BULIT),2921.67,SUPRABOND
DSD 7 T 115,DISCO DIAMANTADO SERIE 700 USO PROFESIONAL - TURBO  - 115 MM (BULIT),1225.01,SUPRABOND
DSD 7 T 180,DISCO DIAMANTADO SERIE 700 USO PROFESIONAL - TURBO  - 180 MM (BULIT),3045.38,SUPRABOND
DSD 5 S 115,DISCO DIAMANTADO SERIE 500 USO INTENSIVO - SEGMENTADO  - 115 MM (BULIT),893.01,SUPRABOND
DSD 5 T 115,DISCO DIAMANTADO SERIE 500 USO INTENSIVO - TURBO  - 115 MM (BULIT),1225.01,SUPRABOND
DSD 5 T 180,DISCO DIAMANTADO SERIE 500 USO INTENSIVO - TURBO  - 180 MM (BULIT),3045.38,SUPRABOND
DSD 5 C 115,DISCO DIAMANTADO SERIE 500 USO INTENSIVO - CONTINUO  - 115 MM (BULIT),704.14,SUPRABOND
DSD 100S 115 N,DISCO DIAMANTADO SERIE 100 SEGMENTADO  - 115 MM (BULIT),833.57,SUPRABOND
DSD 100S 230 N,DISCO DIAMANTADO SERIE 100 SEGMENTADO  - 230 MM (BULIT),2556.4,SUPRABOND
DSD 100T 180 N,DISCO DIAMANTADO SERIE 100 TURBO  - 180 MM (BULIT),3045.38,SUPRABOND
DSD 100T 115 N,DISCO DIAMANTADO SERIE 100 TURBO  - 115 MM (BULIT),1225.01,SUPRABOND
DSD 100C 180 N,DISCO DIAMANTADO SERIE 100 CONTINUO  - 180 MM (BULIT),2301.12,SUPRABOND
CAB,ABROCHADORA - ENGRAMPADORA 2 EN 1  - . (BULIT),3677.27,SUPRABOND
CAB INT,USO INTENSIVO  - . (BULIT),4593.41,SUPRABOND
CAB INT R,ENGRAMPADORA USO INT. REFORZADA  - . (BULIT),4405.86,SUPRABOND
CAB PRO,PROFESIONAL - ACERO CROMADO  - . (BULIT),9894.95,SUPRABOND
CAB PRO 2P,ENGRANPADORA MULTIFUNCION S. 500  - . (BULIT),7462.89,SUPRABOND
CAB PRO PR,PROFESIONAL POTENCIA REGULABLE CLAVOS/GRAMPAS  - . (BULIT),10005.33,SUPRABOND
CAB R 1000 N,BROCHES - GRAMPAS S6  - 6MM X 1000 UNID. (BULIT),1011.55,SUPRABOND
CAB R 1000/8 N,BROCHES - GRAMPAS S8  - 6MM X 1000 UNID. (BULIT),1319.02,SUPRABOND
CAB P8 N,GRAMPAS P8 P/ MODELO PROFESIONAL  - 8MM X 1000 UNID. (BULIT),1591.97,SUPRABOND
CAB P12 N,GRAMPAS P12 P/ MODELO PROFESIONAL  - 12MM X 1000 UNID. (BULIT),1883.66,SUPRABOND
CAB CP 15,CLAVOS P/ MODELO PROFESIONAL - POTENCIA REGULABLE  - 15MM X 500 UNID. (BULIT),1342.16,SUPRABOND
ESP 90 IN AI,ESPATULA ESQUINERO DE ACERO INOXIDABLE 90 INTERIOR  - . (BULIT),2325.41,SUPRABOND
ESP 90 EX AI,ESPATULA ESQUINERO DE ACERO INOXIDABLE 90 EXTERIOR  - . (BULIT),2578.34,SUPRABOND
ESM 40 60,ESPATULA MEZCLADOR SERIE 500 40 CM  - 40 CM (BULIT),1453.09,SUPRABOND
ESM 60 100,ESPATULA MEZCLADOR SERIE 500 60 CM  - 60 CM (BULIT),2032.47,SUPRABOND
ESP FX 1,"ESPATULA FLEXIBLE - PULIDO ESPEJO  - 1"" (BULIT)",473.66,SUPRABOND
ESP FX AI 1,"ESPATULA FLEXIBLE DE ACERO INOXIDABLE DE 1"" SERIE 700  - 1"" (BULIT)",847.94,SUPRABOND
ESP FX AI 2,"ESPATULA FLEXIBLE DE ACERO INOXIDABLE DE 2"" SERIE 700  - 2"" (BULIT)",882.66,SUPRABOND
ESP FX AI 3,"ESPATULA FLEXIBLE DE ACERO INOXIDABLE DE 3"" SERIE 700  - 3"" (BULIT)",905.7,SUPRABOND
ESP FX AI 4,"ESPATULA FLEXIBLE DE ACERO INOXIDABLE DE 4"" SERIE 700  - 4"" (BULIT)",924.51,SUPRABOND
ESP FX AI 5,"ESPATULA FLEXIBLE DE ACERO INOXIDABLE DE 5"" SERIE 700  - 5"" (BULIT)",1021.95,SUPRABOND
ESP FX AI 6,"ESPATULA FLEXIBLE DE ACERO INOXIDABLE DE 6"" SERIE 700  - 6"" (BULIT)",1091.75,SUPRABOND
ESP PC 300,ESPATULA PLATO DE ALUMINIO SERIE 600  - . (BULIT),4552.76,SUPRABOND
ESP LL AI 280,ESPATULA LLANA LISA DE ACERO INOXIDABLE DE 280MM  - . (BULIT),2323.74,SUPRABOND
ESP T AI 150,ESPATULA FLEXIBLE TAPICERO DE AI.  DE 150 MM SERIE 700  - 150 MM (BULIT),1408.62,SUPRABOND
ESP T AI 250,ESPATULA FLEXIBLE TAPICERO DE AI. DE 250 MM SERIE 700  - 250 MM (BULIT),1823.97,SUPRABOND
ESP T AI 300,ESPATULA FLEXIBLE TAPICERO DE AI. DE 300 MM SERIE 700  - 300 MM (BULIT),2062.34,SUPRABOND
"ESP FX 1,5","ESPATULA FLEXIBLE - PULIDO ESPEJO  - 1.5"" (BULIT)",483.49,SUPRABOND
ESP FX 2,"ESPATULA FLEXIBLE - PULIDO ESPEJO  - 2"" (BULIT)",543.28,SUPRABOND
ESP FX 3,"ESPATULA FLEXIBLE - PULIDO ESPEJO  - 3"" (BULIT)",615.11,SUPRABOND
ESP FX 4,"ESPATULA FLEXIBLE 4""- PULIDO ESPEJO  - 4"" (BULIT)",696.79,SUPRABOND
ESP FX 5,"ESPATULA FLEXIBLE - PULIDO ESPEJO  - 5"" (BULIT)",785.25,SUPRABOND
ESP FX 6,"ESPATULA FLEXIBLE 6""- PULIDO ESPEJO  - 6"" (BULIT)",828.36,SUPRABOND
INF S2 430 MP,INFLADOR CON MANOMETRO SERIE 200  - . (BULIT),5492.37,SUPRABOND
INF S6 225 A,INFLADOR SERIE 600  - . (BULIT),3017.14,SUPRABOND
INF S6 240 TA,INFLADOR SERIE 600 DOBLE EXTENSION  - . (BULIT),4851.91,SUPRABOND
INF S6 238 A,INFLADOR SERIE 600  - . (BULIT),3710.11,SUPRABOND
INF S6 272 MA,INFLADOR CON MANOMETRO SERIE 600  - . (BULIT),4249.92,SUPRABOND
INF S2 230 P,INFLADOR SERIE 200  - . (BULIT),1737.24,SUPRABOND
INF S6 540 MA,INFLADOR CON MANOMETRO SERIE 600  - . (BULIT),9349.74,SUPRABOND
INF S6 PIE MA,INFLADOR DE PIE SERIE 600  - . (BULIT),7083.52,SUPRABOND
JD S6 PZA BY, TIJERA DE PODA BYPASS SERIE 600  - . (BULIT),1908.84,SUPRABOND
JD S6 PZA MP,TIJERA DE PODA JARDIN SERIE 600  - . (BULIT),1875.37,SUPRABOND
JD S6 TIJ PD,TIJERA PARA CERCOS SERIE 600  - . (BULIT),4781.56,SUPRABOND
JD S8 PZA BY,TIJERA DE PODA BYPASS SERIE 800  - . (BULIT),4161.66,SUPRABOND
JD S8 PZA MP,TIJERA DE PODA JARDIN SERIE 800  - . (BULIT),4161.66,SUPRABOND
JD S8 TIJ PD A,TIJERA PARA CERCOS SERIE 800  - . (BULIT),7886.97,SUPRABOND
JD S8 TIJ PD TA,TIJERA TELESCOPICA PARA CERCOS SERIE 800  - . (BULIT),11582.22,SUPRABOND
JD S8 CR T A,TIJERA CORTA RAMAS TELESCOPICA BYPASS  - . (BULIT),11362.91,SUPRABOND
JD S6 PL M,PALA DE JARDIN SERIE 600  - . (BULIT),1644.73,SUPRABOND
JD S6 ES M,ESCARDILLO DE JARDIN SERIE 600  - . (BULIT),1646.55,SUPRABOND
JD S6 RS M,RASTRILLO DE JARDIN SERIE 600  - . (BULIT),1625.89,SUPRABOND
JD S6 AZ ES M,AZADA Y ESCARDILLO DE JARDIN SERIE 600  - . (BULIT),1784.22,SUPRABOND
JD S8 PL T A,PALA DE JARDIN TELESCOPICA SERIE 800  - . (BULIT),4889.99,SUPRABOND
JD S8 BH T A,BARRE HOJAS TELESCOPICO SERIE 800  - . (BULIT),4863.18,SUPRABOND
JD S8 AZ ES T A,AZADA Y ESCARDILLO TELESCOPICO SERIE 800  - . (BULIT),5069.43,SUPRABOND
JD PZ JDN,TIJERA JARDINERA  - 8 (BULIT),1604.24,SUPRABOND
LMA 5 PLE 8,LIMA SERIE 500 PLANA - ENTREFINA. ACERO FORJADO  - 8 (BULIT),1671.54,SUPRABOND
LMA 5 RDE 8,LIMA SERIE 500 REDONDA - ENTREFINA. ACERO FORJADO  - 8 (BULIT),1351.86,SUPRABOND
LMA 5 MCE 8,LIMA SERIE 500 MEDIA CANA - ENTREFINA. ACERO FORJADO  - 8 (BULIT),1745.15,SUPRABOND
LMA 5 CDE 8,LIMA SERIE 500 CUADRADA - ENTREFINA. ACERO FORJADO  - 8 (BULIT),1665.48,SUPRABOND
LMA 5 TRE 8,LIMA SERIE 500 TRIANGULAR - ENTREFINA. ACERO FORJADO  - 8 (BULIT),1586.17,SUPRABOND
LNA 2 25L1W C,LINTERNA INDOOR SERIE 200  - 3 X AAA (BULIT),1042.04,SUPRABOND
LNA 2 25L1W CE,LINTERNA INDOOR SERIE 200 EN CAJA EXHIBIDORA  - 3 X AAA (BULIT),1035.25,SUPRABOND
LNA 5 150L3W T,LINTERNA TACTICA SERIE 500 150 L  - 3 X AAA (BULIT),2321.83,SUPRABOND
LNA 5 150L3W L,LINTERNA INDOOR SERIE 500  - 2 X AA (BULIT),1917.88,SUPRABOND
LNA 5 220L3W CL,LUZ AUXILIAR MULTIFUNCION SERIE 500  - 3 AA (BULIT),3772.76,SUPRABOND
LNA 8 260L5W CL,LINTERNA MULTIFUNCION CON LUZ AUXILIAR SERIE 800  - 4 X AAA (BULIT),4459.62,SUPRABOND
LNA 8 3005W C,LINTERNA TACTICA SERIE 800 CAJA  - 3 X AA (BULIT),5524.73,SUPRABOND
LNA 8 300L5W C,LINTERNA TACTICA SERIE 800  - 3 X AAA (BULIT),4629.34,SUPRABOND
LXA 220L3W C,LUZ AUXILIAR MULTIFUNCION SERIE 500  - 4 X AA (BULIT),3154.88,SUPRABOND
LXA 220L3W CL,LUZ AUXILIAR SERIE 500  - 3 X AAA (BULIT),1767.9,SUPRABOND
PZA S6 AJ6,"LLAVE AJUSTABLE SERIE 600 6""  - 6 PULGADAS (BULIT)",2030.63,SUPRABOND
PZA S6 AJ8,"LLAVE AJUSTABLE SERIE 600 8""  - 8 PULGADAS (BULIT)",2956.98,SUPRABOND
PZA S6 AJ10,"LLAVE AJUSTABLE SERIE 600 10""  - 10 PULGADAS (BULIT)",3743.29,SUPRABOND
PZA AJ P6,LLAVE AJUSTABLE PROFESIONAL CROMO VANADIO  - 6  PULGADAS (BULIT),2723.68,SUPRABOND
PZA AJ P8,LLAVE AJUSTABLE PROFESIONAL CROMO VANADIO  - 8  PULGADAS (BULIT),3930.79,SUPRABOND
PZA AJ P10,LLAVE AJUSTABLE PROFESIONAL CROMO VANADIO  - 10 PULGADAS (BULIT),4784.29,SUPRABOND
PZA AJ P12,LLAVE AJUSTABLE PROFESIONAL CROMO VANADIO  - 12 PULGADAS (BULIT),7008.67,SUPRABOND
CH ALM 9,SET DE LLAVES ALLEN 9 PIEZAS (MM)- CROMO VANADIO  - . (BULIT),2085.44,SUPRABOND
CH ALP 9,SET DE LLAVES ALLEN 9 PIEZAS (PULGADAS)- CROMO VANADIO  - . (BULIT),2085.44,SUPRABOND
CH TRX 9,SET DE LLAVES TORX 9 PIEZAS- CROMO VANADIO  - . (BULIT),2085.44,SUPRABOND
LLV C5/8,"LLAVE COMBINADA 5/8""- ACERO CROMADO  - 5/8 (BULIT)",1150.4,SUPRABOND
LLV 7C 25,LLAVE COMBINADA SERIE 700. 25 MM.  - 25 MM (BULIT),1483.88,SUPRABOND
LLV 7C KIT 5 R,KIT DE 5 LLAVES CRIQUET  - ORG CON 5 LLAVES (BULIT),8212.11,SUPRABOND
LLV 8VAC 8,LLAVE COMBINADA ARTICULADA SERIE 800 CRIQUET 8 MM  - 8 MM (BULIT),1418.77,SUPRABOND
LLV 8VAC 9,LLAVE COMBINADA ARTICULADA SERIE 800 CRIQUET 9 MM  - 9 MM (BULIT),1509.09,SUPRABOND
LLV 8VAC 10,LLAVE COMBINADA ARTICULADA SERIE 800 CRIQUET 10 MM  - 10 MM (BULIT),1580.29,SUPRABOND
LLV 8VAC 11,LLAVE COMBINADA ARTICULADA SERIE 800 CRIQUET 11 MM  - 11 MM (BULIT),1681.12,SUPRABOND
LLV 8VAC 12,LLAVE COMBINADA ARTICULADA SERIE 800 CRIQUET 12 MM  - 12 MM (BULIT),1781.71,SUPRABOND
LLV 8VAC 13,LLAVE COMBINADA ARTICULADA SERIE 800 CRIQUET 13 MM  - 13 MM (BULIT),1882.5,SUPRABOND
LLV 8VAC 14,LLAVE COMBINADA ARTICULADA SERIE 800 CRIQUET 14 MM  - 14 MM (BULIT),1968.4,SUPRABOND
LLV 8VAC 15,LLAVE COMBINADA ARTICULADA SERIE 800 CRIQUET 15 MM  - 15 MM (BULIT),2083.59,SUPRABOND
LLV 8VAC 16,LLAVE COMBINADA ARTICULADA SERIE 800 CRIQUET 16 MM  - 16 MM (BULIT),2255.91,SUPRABOND
LLV 8VAC 17,LLAVE COMBINADA ARTICULADA SERIE 800 CRIQUET 17MM  - 17 MM (BULIT),2457.01,SUPRABOND
LLV 8VAC 18,LLAVE COMBINADA ARTICULADA SERIE 800 CRIQUET 18 MM  - 18 MM (BULIT),2600.86,SUPRABOND
LLV 8VAC 19,LLAVE COMBINADA ARTICULADA SERIE 800 CRIQUET 19 MM  - 19 MM (BULIT),2773.63,SUPRABOND
LLV C3/4,ACERO CROMADO  - 3/4 (BULIT),1150.4,SUPRABOND
LLV 7C 22,SERIE 700  - 22MM (BULIT),1150.4,SUPRABOND
LLV 8VA KIT 7 M,KIT LLAVES CRIQUET SERIE 800 MM ARTICULADAS  - ORG. CON 7 LLAVES (BULIT),9521.11,SUPRABOND
LLV 8VD 21,LLAVE COMBINADA SERIE 800 CROMO VANADIO  - 21 MM (BULIT),983.85,SUPRABOND
LLV 8VD 24,LLAVE COMBINADA SERIE 800 CROMO VANADIO  - 24 MM (BULIT),1483.88,SUPRABOND
LLV 8VD 27,LLAVE COMBINADA SERIE 800 CROMO VANADIO  - 27 MM (BULIT),1483.88,SUPRABOND
LLV 8VD 30,LLAVE COMBINADA SERIE 800 CROMO VANADIO  - 30 MM (BULIT),1817.65,SUPRABOND
LLV 8VD 32,LLAVE COMBINADA SERIE 800 CROMO VANADIO  - 32 MM (BULIT),1817.65,SUPRABOND
LLV 7VA 11/16,"LLAVE COMB.CROM.V.ACOD. S.700 11/16  - 11/16"" (BULIT)",816.93,SUPRABOND
LLV 7VA 20,LLAVE COMB.CROM.V.ACOD. S.700 20MM  - 20MM (BULIT),1150.4,SUPRABOND
LLV 7VA 21,LLAVE COMB.CROM.V.ACOD. S.700 21MM  - 21MM (BULIT),1150.4,SUPRABOND
LLV 7VA 23,LLAVE COMB.CROM.V.ACOD. S.700 23MM  - 23MM (BULIT),1150.4,SUPRABOND
LLV 7VA 24,LLAVE COMB.CROM.V.ACOD. S.700 24MM  - 24MM (BULIT),1483.88,SUPRABOND
LLV 7VA 25,LLAVE COMB.CROM.V.ACOD. S.700 25MM  - 25MM (BULIT),1483.88,SUPRABOND
LLV 7VA 26,LLAVE COMB.CROM.V.ACOD. S.700 26MM  - 26MM (BULIT),1483.88,SUPRABOND
LLV 7VA 27,LLAVE COMB.CROM.V.ACOD. S.700 27MM  - 27MM (BULIT),1483.88,SUPRABOND
LLV 7VA 28,LLAVE COMB.CROM.V.ACOD. S.700 28MM  - 28MM (BULIT),1483.88,SUPRABOND
LLV 7VA 3/4,"LLAVE COMB.CROM.V.ACOD. S.700 3/4""  - 3/4"" (BULIT)",1150.4,SUPRABOND
LLV 7VA 5/8,"LLAVE COMB.CROM.V.ACOD. S.700 5/8""  - 5/8"" (BULIT)",816.93,SUPRABOND
LLV 7VA 6,LLAVE COMB.CROM.V.ACOD. S.700 6MM  - 6MM (BULIT),483.49,SUPRABOND
LLV 7VA 7/8,"LLAVE COMB.CROM.V.ACOD. S.700 7/8""  - 7/8"" (BULIT)",983.85,SUPRABOND
LLV 7VA 9/16,"LLAVE COMB.CROM.V.ACOD. S.700 9/16""  - 9/16"" (BULIT)",740.43,SUPRABOND
LLV 7VA 30,LLAVE COMB.CROM.V.ACOD. S.700 30MM  - 30MM (BULIT),1817.65,SUPRABOND
LLV 7VA 32,LLAVE COMB.CROM.V.ACOD. S.700 32MM  - 32MM (BULIT),1817.65,SUPRABOND
LLC 14,AJUSTABLE - TIPO STILSON  - 14 PULGADAS (BULIT),4583.48,SUPRABOND
LLC CV 1,"LLAVE PARA CANO 1"" (25 MM)  - 1"" (BULIT)",3365.86,SUPRABOND
LLC CV 1 1/2,"LLAVE PARA CANO 1 1/2"" (38 MM)  - 1 1/2"" (BULIT)",5228.38,SUPRABOND
LLC CV 2,"LLAVE PARA CANO 2"" (51 MM)  - 2"" (BULIT)",8316.34,SUPRABOND
MT S6 HFV 560,HACHA PROFESIONAL SERIE 600  - 560 G (BULIT),3215.94,SUPRABOND
MT S6 GFV 16,MARTILLO GALPONERO SERIE 600  - 16 (BULIT),2950.14,SUPRABOND
MT S6 PFV 18,MARTILLO PENA SERIE 600 18  - 18 ONZAS (BULIT),1792.41,SUPRABOND
MT S6 PFV 20,MARTILLO PENA SERIE 600 20  - 20 ONZAS (BULIT),1929.7,SUPRABOND
MT S6 PFV 22,MARTILLO PENA- F. VIDRIO- SERIE 600 22  - 22 ONZAS (BULIT),2067.15,SUPRABOND
MT S6 BFV 225,MARTILLO BOLITA SERIE 600 225 G  - 225 G (BULIT),2067.13,SUPRABOND
MT S6 BMD 225 R,MARTILLO BOLITA - MADERA - SERIE 600 225 G  - 225 G (BULIT),2189.38,SUPRABOND
MT S6 GMD 16 R,MARTILLO GALPONERO-MADERA- SERIE 600 16 OZ.  - 18 ONZAS (BULIT),3233.31,SUPRABOND
MT BMD 225,BOLITA - MADERA  - 225 G (BULIT),1853.38,SUPRABOND
MT GMD 16,GALPONERO - MADERA  - 16 ONZAS (BULIT),2632.97,SUPRABOND
MT HT 4.5,CABEZAL DE HACHA  - 4.5 LBS (BULIT),5473.42,SUPRABOND
NVL S6 3B 40 A,NIVEL 3 BURBUJAS 400 MM ALUMINIO  - 400 MM (BULIT),2845.67,SUPRABOND
NVL S6 3B 60 A,NIVEL 3 BURBUJAS 600 MM ALUMINIO  - 600 MM (BULIT),3937.65,SUPRABOND
NVL S6 3B 80 A,NIVEL 3 BURBUJAS 800 MM ALUMINIO  - 800 MM (BULIT),4491.3,SUPRABOND
NVL S6 3B 100 A,NIVEL 3 BURBUJAS 1000 MM ALUMINIO  - 1000 MM (BULIT),5952.99,SUPRABOND
PIN S7 1,"PINCEL SERIE 700 1""  - 1"" (BULIT)",520.81,SUPRABOND
PIN S7 1 1/2,"PINCEL SERIE 700 1 1/2""  - 1 1/2"" (BULIT)",706.98,SUPRABOND
PIN S7 2,"PINCEL SERIE 700 2""  - 2"" (BULIT)",924.44,SUPRABOND
PIN S7 3,"PINCEL SERIE 700 3""  - 3"" (BULIT)",1977.67,SUPRABOND
PIN S5 1,"PINCEL SERIE 500 1""  - 1"" (BULIT)",452.89,SUPRABOND
PIN S5 1 1/2,"PINCEL SERIE 500 1 1/2""  - 1 1/2"" (BULIT)",617.78,SUPRABOND
PIN S5 2,"PINCEL SERIE 500 2""  - 2"" (BULIT)",802.67,SUPRABOND
PIN S5 3,"PINCEL SERIE 500 3""  - 3"" (BULIT)",1600.64,SUPRABOND
PIN S4 1,"PINCEL SERIE 400 1""  - 1"" (BULIT)",386.3,SUPRABOND
PIN S4 1 1/2,"PINCEL SERIE 400 1 1/2""  - 1 1/2"" (BULIT)",501.05,SUPRABOND
PIN S4 2,"PINCEL SERIE 400 2""  - 2"" (BULIT)",594.71,SUPRABOND
PIN S4 3,"PINCEL SERIE 400 3""  - 3"" (BULIT)",1178.2,SUPRABOND
PIN S2 1/2,"PINCEL SERIE 200 1/2""  - 1/2"" (BULIT)",198.07,SUPRABOND
PIN S2 1,"PINCEL SERIE ECONOMY  - 1"" (BULIT)",251.06,SUPRABOND
PIN S2 1 1/2,"PINCEL SERIE ECONOMY 1 1/2""  - 1 1/2"" (BULIT)",332.1,SUPRABOND
PIN S2 2,"PINCEL SERIE ECONOMY 2""  - 2"" (BULIT)",552.13,SUPRABOND
PIN S2 3,"PINCEL SERIE ECONOMY 3""  - 3"" (BULIT)",811.93,SUPRABOND
PIN S2 4,"PINCEL SERIE ECONOMY 4""  - 4"" (BULIT)",1549.25,SUPRABOND
PIN S2 SET 5,"SET DE 5 PINCELES SERIE ECONOMY  - 1/2""; 1""; 1 1/2""; 2"", 2 1/2"" (BULIT)",1970.39,SUPRABOND
PZA EAL 4.5F,ALICATE - ELECTRICISTA - CORTE FRONTAL  - 4.5 (BULIT),1203.81,SUPRABOND
PZA EPS 4.5,PINZA ELECTRICISTA - PUNTA SEMI REDONDA  - 4.5 (BULIT),1102.38,SUPRABOND
PZA FZA 6.5,PINZA DE FUERZA - MORDAZA PLANA -  - 6.5 (BULIT),2235.64,SUPRABOND
PZA FZ10,PINZA DE FUERZA. BOCA CURVA.  - 10 (BULIT),2317.2,SUPRABOND
PZA E AL6,ALICATE SERIE 200 ECONOMY 6  - 6 (BULIT),1134.44,SUPRABOND
PZA E AL7,ALICATE SERIE 200 ECONOMY 7  - 7 (BULIT),1562.06,SUPRABOND
PZA E PS6,PINZA DE PUNTA SEMI REDONDA SERIE200 ECONOMY 6  - 6 (BULIT),1344.24,SUPRABOND
PZA E PS8,PINZA DE PUNTA SEMI REDONDA SERIE200 ECONOMY 8  - 8 (BULIT),1550.76,SUPRABOND
PZA E PU6,PINZA UNIVERSAL SERIE 200 ECONOMY 6  - 6 (BULIT),1514.09,SUPRABOND
PZA E PU7,PINZA UNIVERSAL SERIE 200 ECONOMY 7  - 7 (BULIT),1804.88,SUPRABOND
PZA E PU8,PINZA UNIVERSAL SERIE 200 ECONOMY 8  - 8 (BULIT),2040.58,SUPRABOND
PZA PC8,PINZA SEMIREDONDA - PUNTA CURVA  - 8 (BULIT),2020.1,SUPRABOND
PZA PR6,PINZA PUNTA - REDONDA  - 6 (BULIT),1572.32,SUPRABOND
PZA PS6,PINZA PUNTA - SEMI REDONDA SERIE 500  - 6 (BULIT),1358.69,SUPRABOND
PZA S6 AL6,"ALICATE 6"" SERIE 600  - 6 (BULIT)",1874.8,SUPRABOND
PZA S6 AL7,"ALICATE EXTRA 7"" SERIE 600  - 7 (BULIT)",2378.94,SUPRABOND
PZA S6 AL7 E,"ALICATE EXTRA 7"" SERIE 600  - 7 (BULIT)",2482.75,SUPRABOND
PZA S6 PC6,"PINZA PUNTA CURVA 6"" SERIE 600  - 6 (BULIT)",1630.48,SUPRABOND
PZA S6 PC8,"PINZA PUNTA CURVA 8"" SERIE 600  - 8 (BULIT)",2096.86,SUPRABOND
PZA S6 PL 10,"PINZA PICO DE LORO 10"" SERIE 600  - 10 (BULIT)",2663.53,SUPRABOND
PZA S6 PL 6,"PINZA PICO DE LORO 6"" SERIE 600  - 6 (BULIT)",2041.39,SUPRABOND
PZA S6 PP6,"PINZA PUNTA PLANA 6"" SERIE 600  - 6 (BULIT)",2035.02,SUPRABOND
PZA S6 PR6,"PINZA PUNTA REDONDA 6"" SERIE 600  - 6 (BULIT)",1719.59,SUPRABOND
PZA S6 PS6,"PINZA SEMI REDONDA 6"" SERIE 600  - 6 (BULIT)",1823.18,SUPRABOND
PZA S6 PS8,"PINZA SEMI REDONDA 8"" SERIE 600  - 8 (BULIT)",2324.86,SUPRABOND
PZA S6 PU6,"PINZA UNIVERSAL 6"" SERIE 600  - 6 (BULIT)",2273.62,SUPRABOND
PZA S6 PU7,"PINZA UNIVERSAL 7"" SERIE 600  - 7 (BULIT)",2537.18,SUPRABOND
PZA S6 PU8,"PINZA UNIVERSAL 8"" SERIE 600  - 8 (BULIT)",2874.09,SUPRABOND
PZA S6 TN A12,"TENAZA ARMADOR 12"" SERIE 600  - 12 (BULIT)",3496.24,SUPRABOND
PZA S6 TN A9,"TENAZA ARMADOR 9"" SERIE 600  - 9 (BULIT)",2560.65,SUPRABOND
PZA S6 TN AMC12,"TENAZA ARMADOR MEDIO CORTE 12"" SERIE 600  - 12 (BULIT)",4224.15,SUPRABOND
PZA S6 TN AMC9,"TENAZA ARMADOR MEDIO CORTE 9"" SERIE 600  - 9 (BULIT)",2677.9,SUPRABOND
PZA S6 TN7,"TENAZA DE CARPINTERO  7"" SERIE 600  - 7 (BULIT)",2178.63,SUPRABOND
PZA S6 TN8,"TENAZA DE CARPINTERO 8"" SERIE 600  - 8 (BULIT)",2476.68,SUPRABOND
PZA S7 PL 10 P,"PINZA PICO DE LORO PROF. CROMO VANADIO 10"" SERIE 700  - 10 (BULIT)",4299.66,SUPRABOND
PZA P AL6,PINZA ALICATE PROFESIONAL - SERIE 700  - 6 (BULIT),2055.46,SUPRABOND
PZA P AL7,PINZA ALICATE PROFESIONAL - SERIE 700  - 7 (BULIT),2735.47,SUPRABOND
PZA P PS6,PINZA DE PUNTA PROFESIONAL - SERIE 700  - 6 (BULIT),1981.31,SUPRABOND
PZA P PS8,PINZA DE PUNTA PROFESIONAL - SERIE 700  - 8 (BULIT),2644.24,SUPRABOND
PZA P PU6,PINZA UNIVERSAL PROFESIONAL - SERIE 700  - 6 (BULIT),2628.24,SUPRABOND
PZA P PU7,PINZA UNIVERSAL PROFESIONAL - SERIE 700  - 7 (BULIT),2866.04,SUPRABOND
PZA P PU8,PINZA UNIVERSAL PROFESIONAL - SERIE 700  - 8 (BULIT),3330.98,SUPRABOND
PZA P PU7 D,"PINZA UNIVERSAL PROFESIONAL  S. 700 - DOBLE ARTICULACION  - 7"" (BULIT)",4388.51,SUPRABOND
PZA P PS7 D,"PINZA DE PUNTA SEMI-RED. PROF. SERIE 700 - DOBLE ARTICULACION  - 7"" (BULIT)",4388.51,SUPRABOND
EX BUL STD PZA,EXHIBIDOR DE PINZAS  - . (BULIT),0.01,SUPRABOND
PZA P8 AL6,"ALICATE PROFESIONAL AISLADO - SERIE 800  - 6"" (BULIT)",2342.23,SUPRABOND
PZA P8 AL7,"ALICATE PROFESIONAL AISLADO - SERIE 800  - 7"" (BULIT)",3059.85,SUPRABOND
PZA P8 PU6,"UNIVERSAL PROFESIONAL AISLADA - SERIE 800  - 6"" (BULIT)",2900.57,SUPRABOND
PZA P8 PU7,"UNIVERSAL PROFESIONAL AISLADA - SERIE 800  - 7"" (BULIT)",3200.17,SUPRABOND
PZA P8 PU8,"UNIVERSAL PROFESIONAL AISLADA - SERIE 800  - 8"" (BULIT)",3616.55,SUPRABOND
PZA P8 PS6,"PUNTA SEMIREDONDA PROFESIONAL AISLADA - SERIE 800  - 6"" (BULIT)",2725.13,SUPRABOND
PZA S6 EAL 4.5,"ALICATE SERIE 600 4 1/2""  - . (BULIT)",1152.1,SUPRABOND
PZA S6 EPS 4.5,"PINZA DE PUNTA SEMI REDONDA SERIE 600 4 1/2""  - . (BULIT)",1144.26,SUPRABOND
PZA S6 EPU 4.5,"PINZA UNIVERSAL SERIE 600 4 1/2""  - . (BULIT)",1149.87,SUPRABOND
PZA S6 EPR 4.5,"PINZA DE PUNTA REDONDA SERIE 600 4 1/2""  - . (BULIT)",1284.3,SUPRABOND
PZA S6 EAL 4.5F,"ALICATE SERIE 600 4 1/2"" CORTE FRONTAL  - 4.5 (BULIT)",1249.62,SUPRABOND
PZA TC PC6,"PUNTA CURVA - SERIE TURISMO CARRETERA  - 6"" (BULIT)",1197.05,SUPRABOND
RM 5INT,USO INTENSIVO - SERIE 500  - . (BULIT),2726.04,SUPRABOND
RM 7PRA,REMACHADORA PROFESIONAL SERIE 700  - . (BULIT),3164.69,SUPRABOND
CDB LIN E120 LV,LINGA DE SEGURIDAD PITON  - . (BULIT),6751.38,SUPRABOND
CDB U 320,TRABA U DE 320 MM  - 320 (BULIT),6449.32,SUPRABOND
CAD 3/8 1.5,CADENA DE ACERO CEMENTADO 1.5 METROS  - 3/8  X 1.5 M (BULIT),7956.66,SUPRABOND
CDB LIN 180,LINGA DE ACERO 1800 MM X 12 MM  - 180 (BULIT),3442.43,SUPRABOND
CDB LIN A120 LV,LINGA DE SEGURIDAD  - . (BULIT),8569.41,SUPRABOND
CAD 1/4 5,CADENA DE ACERO CEMENTADO  - 1/4 X 0.5 M (BULIT),1771.28,SUPRABOND
CAD 1/4 1,CADENA DE ACERO CEMENTADO  - 1/4 X 1 M (BULIT),2871.48,SUPRABOND
CAD 3/8 5,CADENA DE ACERO CEMENTADO  - 3/8 X 0.5 M (BULIT),2686.16,SUPRABOND
CAD 3/8 1,CADENA DE ACERO CEMENTADO  - 3/8 X 1 M (BULIT),5326.89,SUPRABOND
CDB LIN B CMB,LINGA DE SEGURIDAD CON COMBINACION  - 12 MM X 1 M (BULIT),2641.79,SUPRABOND
CDB LIN B LV,LINGA DE SEGURIDAD CON LLAVES  - 12 MM X 1 M (BULIT),2281.41,SUPRABOND
CDB ACC T DIS,RECORDATORIO DE TRABA DISCO  - 1 M (BULIT),1058.08,SUPRABOND
CDB CAD 10 1,CADENA MAXIMA SEGURIDAD CON CANDADO  - 10 MM X 1 M (BULIT),7256.82,SUPRABOND
CDB CAD 10 1 C,CADENA MAXIMA SEGURIDAD CON CANDADO  - 10 MM X 1 M (BULIT),9878.1,SUPRABOND
CDB U 180,TRABA U  - 1 U. (BULIT),5466.83,SUPRABOND
CDB T ART CMB,TRABA ARTICULADA DE COMBINACION  - 80 CM (BULIT),7334.1,SUPRABOND
CDB T DISCO,CANDADO TRABA DISCO  - 1 U. (BULIT),4088.13,SUPRABOND
SR CS 165 T,SERRUCHO TURBO PRO 165 MM  - 165 MM (BULIT),3134.36,SUPRABOND
SR PD 270 T,SERRUCHO PODAR PROFESIONAL - TURBO - MANGO MADERA  - 270 MM (BULIT),2850.55,SUPRABOND
SR UPR 400,SERRUCHO PROFESIONAL  - 400 MM (BULIT),1966.2,SUPRABOND
SR UPR 450,SERRUCHO PROFESIONAL  - 450 MM (BULIT),2164.84,SUPRABOND
SR UPR 500,SERRUCHO PROFESIONAL  - 500 MM (BULIT),2511.85,SUPRABOND
SR UPR 500 T,SERRUCHO PROFESIONAL - TURBO  - 500 MM (BULIT),4500.86,SUPRABOND
SR UPR 550,SERRUCHO PROFESIONAL  - 550 MM (BULIT),2662.82,SUPRABOND
SR PR400 U,SERRUCHO PROFESIONAL - UNIVERSAL  - 400 MM (BULIT),1656.08,SUPRABOND
SR PR500 U,SERRUCHO PROFESIONAL - UNIVERSAL  - 500 MM (BULIT),1821.62,SUPRABOND
SR CST 300,SERRUCHO COSTILLA PROFESIONAL  - 300 MM (BULIT),2073.71,SUPRABOND
SR PD 350,SERRUCHO PODAR  - 350 MM (BULIT),1173.98,SUPRABOND
SR PTA 350,SERRUCHO PUNTA  - 350 MM (BULIT),2044.56,SUPRABOND
SIE S8 12,"ARCO DE SIERRA PROFESIONAL SERIE 800  - 12"" (BULIT)",3962.08,SUPRABOND
SIE S2 12,"ARCO DE SIERRA SERIE 200  - 12"" (BULIT)",1988.78,SUPRABOND
SIE S2 M6,"ARCO DE SIERRA MINI SERIE 200  - 6"" (BULIT)",1522.2,SUPRABOND
SCR P 180 24,SIERRA CIRCULAR 24 DIENTES SERIE PLATEADA  - 180 MM (BULIT),2622.67,SUPRABOND
SCR P 180 40,SIERRA CIRCULAR 40 DIENTES SERIE PLATEADA  - 180 MM (BULIT),3363.01,SUPRABOND
SCR P 180 60,SIERRA CIRCULAR 60 DIENTES SERIE PLATEADA  - 180 MM (BULIT),3867.36,SUPRABOND
PZA TN A9,TENAZA ARMADOR  - 9 (BULIT),1911.49,SUPRABOND
PZA TN A12,TENAZA ARMADOR  - 12 (BULIT),3368.31,SUPRABOND
CCO TJ 500,TIJERA CORTA CANOS. SERIE 500  - 1 U. (BULIT),2295.89,SUPRABOND
CCO TJ 600,TIJERA CORTA CANOS.  SERIE 600  - 1 U. (BULIT),3382.42,SUPRABOND
CCO CC 500,TIJERA MINI CORTA CANOS.  SERIE 500  - 1 U. (BULIT),1222.17,SUPRABOND
CCO CC 600,TIJERA CORTA CANOS.  SERIE 600  - 1 U. (BULIT),4119.73,SUPRABOND
PZA AV D,TIJERA TIPO AVIACION - CORTE DERECHO  - 10 (BULIT),3601.14,SUPRABOND
PZA AV I,TIJERA TIPO AVIACION - CORTE IZQUIERDO  - 10 (BULIT),3601.14,SUPRABOND
PZA AV R,TIJERA TIPO AVIACION - CORTE RECTO  - 10 (BULIT),3601.14,SUPRABOND
PZA HJR 8,TIJERA HOJALATERO  - 8 (BULIT),2897.62,SUPRABOND
PZA HJR 10,TIJERA HOJALATERO  - 10 (BULIT),3511.21,SUPRABOND
DRX I RAC 12,DUREX INVISIBLE 19MM X 12M C/RACIONADOR  - 19MM X 12M (DUREX),135.53,SUPRABOND
PRT R2 FP,PEGA RAT TRAMPA ADH. P/RATAS FLOWPACK  - 2 UNIDADES (SOMERSET),791.93,SUPRABOND
RPM 250,REPELENTE PARA PALOMAS Y MURCIELAGOS  - 250 G (SOMERSET),1379.96,SUPRABOND
SGC CBO 6,SOMERSET CEBO MATA CUCARACHAS  - 6 GRS (SOMERSET),496.89,SUPRABOND
SGC H 12,SOMERSET GEL - JERINGA MATA CUCARACHA  - 12 GRS (SOMERSET),704.72,SUPRABOND
SGC H 6,JERINGA SOMERSET GEL MATA CUCARACHAS 6 G  - 6 GRS (SOMERSET),451.08,SUPRABOND
PRT L2 FP,PEGA RAT - TRAMPAS ADHESIVAS PARA LAUCHAS FLOWPACK  - 2 UNIDADES (SOMERSET),483.73,SUPRABOND
